Tick,Bandicoots,Invaders,Foxes,Grass_Health_Index,Total_Bandicoots_Eaten,Trap_Deaths,Old_Age_Deaths,Hunger_Deaths
0,204,0,205,914.38,6,0,0,0
1,211,0,211,908.18,14,0,5,1
2,243,0,209,903.52,20,0,12,3
3,283,0,210,897.25,23,0,16,6
4,331,0,208,897.55,29,0,19,10
5,365,0,207,893.19,34,1,26,11
6,422,0,215,883.88,44,2,32,12
7,469,0,221,872.62,54,5,34,13
8,525,0,222,860.45,61,6,40,15
9,573,0,220,843.84,69,9,44,18
10,647,0,226,828.25,77,9,47,22
11,716,0,232,812.18,95,13,54,25
12,794,0,239,790.39,114,16,61,26
13,870,0,244,767.24,129,17,64,29
14,942,0,245,744.7,144,17,70,35
15,1006,0,256,716.08,162,19,73,38
16,1081,0,261,694.35,186,22,75,42
17,1155,0,272,667.96,205,24,80,52
18,1225,0,279,643.21,233,29,85,61
19,1303,0,291,613.26,255,33,88,70
20,1362,0,301,586.29,285,34,91,82
21,1439,0,321,562.23,321,36,97,85
22,1497,0,347,532.1,364,38,100,90
23,1554,0,355,501.66,406,39,103,97
24,1603,0,378,472.5,449,40,106,103
25,1655,0,401,444.71,500,44,114,113
26,1687,0,439,420.76,565,45,115,122
27,1717,0,461,395.15,623,49,119,136
28,1728,0,513,375.14,689,52,124,152
29,1733,0,570,350.95,752,54,126,162
30,1705,0,631,333.64,832,56,128,177
31,1715,0,687,317.49,911,58,130,189
32,1702,0,740,297.05,985,60,130,207
33,1677,0,792,282.25,1089,64,134,219
34,1648,0,845,267.28,1168,64,141,234
35,1592,0,902,253.33,1269,64,145,265
36,1539,0,990,241.78,1375,65,145,280
37,1473,0,1046,230.02,1474,68,147,302
38,1394,0,1130,222.62,1571,71,148,339
39,1296,0,1205,214.88,1688,73,149,370
40,1230,0,1317,210.89,1791,75,150,387
41,1141,0,1453,208.62,1908,76,153,418
42,1047,0,1570,211.75,2020,77,158,446
43,942,0,1693,212.96,2140,79,162,467
44,848,0,1817,215.61,2235,80,164,493
45,776,0,1953,220.45,2328,80,167,522
46,681,0,2100,225.15,2431,81,169,550
47,615,0,2221,232.52,2500,83,170,587
48,530,0,2325,237.98,2587,85,173,619
49,466,0,2461,245.05,2651,85,175,671
50,416,0,2589,251.68,2711,85,179,710
51,361,0,2721,261.39,2767,85,180,746
52,332,0,2840,271.71,2803,86,181,789
53,292,0,2956,282.49,2846,87,183,845
54,249,0,3084,292.39,2893,87,186,892
55,209,0,3169,304.51,2933,87,194,960
56,179,0,3254,316.97,2966,87,197,1019
57,156,0,3324,328.16,2998,87,203,1100
58,139,0,3371,340.42,3022,87,205,1203
59,120,0,3381,351.67,3042,88,209,1307
60,98,0,3367,364.88,3064,89,216,1416
61,84,0,3363,377.26,3081,90,226,1525
62,73,0,3328,391.48,3097,92,233,1662
63,57,0,3275,405.99,3118,92,239,1812
64,51,0,3223,420.27,3128,94,246,1945
65,48,0,3190,435.71,3135,95,249,2061
66,50,0,3092,448.89,3138,96,264,2220
67,51,0,2994,463.22,3139,96,275,2380
68,48,0,2877,477.24,3147,96,286,2537
69,49,0,2764,493.01,3151,98,295,2695
70,52,0,2627,507.97,3154,98,304,2867
71,51,0,2480,521.56,3158,98,318,3037
72,46,0,2358,535.38,3162,99,322,3202
73,46,0,2234,548.25,3167,99,329,3355
74,39,0,2071,562.34,3174,100,343,3525
75,36,0,1922,575.35,3179,100,361,3683
76,33,0,1799,589.96,3183,101,371,3814
77,30,0,1681,603.95,3189,102,395,3928
78,24,0,1546,619.8,3196,102,416,4059
79,20,0,1394,635.56,3200,103,436,4195
80,18,0,1279,651.78,3204,103,451,4307
81,15,0,1171,665,3208,103,467,4409
82,12,0,1064,678.27,3211,104,480,4513
83,10,0,968,691.84,3213,104,492,4612
84,9,0,869,705.21,3217,104,502,4710
85,8,0,784,717.46,3218,104,517,4783
86,8,0,702,732.66,3220,104,527,4864
87,5,0,629,747.92,3223,104,539,4929
88,3,0,567,762.51,3224,104,549,4988
89,3,0,494,777.05,3225,104,567,5049
90,3,0,433,791.4,3225,104,584,5099
91,3,0,384,804.66,3225,104,594,5141
92,2,0,345,820.11,3226,104,601,5175
93,3,0,304,835.16,3226,104,608,5212
94,3,0,264,852.71,3226,104,613,5248
95,3,0,230,865.11,3226,104,620,5275
96,3,0,212,878.83,3226,104,623,5290
97,4,0,185,892.66,3226,104,626,5316
98,4,0,162,906.82,3226,104,632,5333
99,5,0,141,921.45,3226,104,636,5351
100,5,0,121,933.95,3226,104,639,5368
101,6,0,102,947.6,3226,104,643,5383
102,6,0,93,958.53,3226,104,644,5392
103,8,0,79,973.96,3226,104,645,5405
104,8,0,71,988.77,3226,104,647,5411
105,8,0,65,1005.51,3226,104,648,5417
106,7,0,54,1021.28,3227,104,652,5424
107,8,0,43,1035.76,3227,104,654,5433
108,8,0,41,1049.99,3227,104,654,5436
109,9,0,38,1064.1,3227,104,655,5438
110,10,0,34,1078.5,3227,104,656,5441
111,13,0,33,1090.8,3227,104,656,5442
112,15,0,30,1104.72,3227,104,657,5444
113,17,0,28,1118.57,3227,104,659,5444
114,17,0,22,1129.81,3227,104,659,5450
115,17,0,19,1142,3227,104,660,5452
116,18,0,15,1155.34,3227,104,663,5453
117,18,0,13,1170.59,3228,104,663,5455
118,18,0,11,1183.01,3228,104,663,5457
119,21,0,10,1194.75,3228,104,663,5458
120,21,0,10,1206.52,3228,104,663,5458
121,27,0,10,1218.02,3228,104,663,5458
122,27,0,7,1228.35,3228,106,665,5459
123,28,0,7,1240.52,3228,106,665,5459
124,35,0,7,1251.43,3228,107,665,5459
125,40,0,7,1260.7,3228,107,665,5460
126,42,0,6,1270.96,3228,107,665,5461
127,50,0,5,1280.12,3228,107,665,5462
128,54,0,5,1289.42,3228,107,665,5462
129,61,0,4,1299.57,3228,107,665,5463
130,63,0,3,1310.11,3228,107,665,5465
131,66,0,3,1321.98,3228,108,665,5465
132,67,0,2,1331.76,3228,109,665,5466
133,73,0,2,1341.19,3228,109,665,5466
134,79,0,2,1347.02,3228,109,665,5466
135,83,0,2,1355.24,3228,109,665,5466
136,83,0,2,1364.72,3228,110,665,5467
137,91,0,2,1373.47,3228,111,665,5467
138,94,0,2,1382.53,3228,111,665,5467
139,97,0,2,1390.09,3228,111,665,5467
140,100,0,2,1397.5,3228,111,665,5468
141,98,0,2,1403.34,3229,113,665,5469
142,101,0,2,1410.08,3229,113,665,5471
143,111,0,2,1415.69,3229,113,665,5472
144,120,0,3,1420.3,3229,113,665,5472
145,135,0,2,1426.58,3229,113,665,5474
146,140,0,2,1432.85,3229,113,665,5474
147,144,0,2,1436.49,3230,113,665,5475
148,147,0,2,1443.03,3230,113,665,5476
149,153,0,2,1448.88,3230,113,665,5477
150,154,0,2,1451.36,3230,113,665,5479
151,161,0,2,1454.58,3230,113,665,5480
152,165,0,2,1457.81,3230,114,665,5481
153,172,0,2,1459.97,3230,116,665,5481
154,187,0,2,1462.74,3230,116,665,5483
155,207,0,2,1466.83,3230,116,665,5484
156,216,0,3,1465.87,3230,116,665,5487
157,227,0,3,1466.61,3230,116,665,5488
158,231,0,3,1468.86,3230,116,665,5491
159,243,0,3,1468.14,3231,116,665,5491
160,253,0,5,1465.53,3232,116,665,5494
161,273,0,7,1465.48,3232,116,665,5495
162,283,0,7,1463.97,3233,117,665,5495
163,302,0,7,1463.46,3234,117,665,5495
164,325,0,9,1462.1,3235,117,665,5498
165,336,0,9,1459.14,3236,118,665,5500
166,348,0,10,1458.81,3238,119,665,5503
167,363,0,10,1452.9,3238,120,665,5507
168,382,0,10,1447.69,3238,121,665,5511
169,392,0,10,1443.04,3238,121,665,5515
170,403,0,12,1438.75,3240,121,665,5519
171,428,0,12,1431.66,3241,121,665,5520
172,458,0,13,1424.6,3241,122,665,5523
173,488,0,15,1419.2,3243,124,665,5525
174,502,0,16,1413.42,3244,128,665,5529
175,535,0,17,1407.83,3246,128,665,5534
176,552,0,21,1401.06,3247,130,665,5536
177,568,0,21,1396.69,3248,130,665,5544
178,593,0,25,1392.41,3249,131,665,5549
179,607,0,25,1387.99,3252,131,665,5553
180,621,0,26,1382.33,3254,131,665,5557
181,631,0,29,1376.79,3257,131,665,5568
182,665,0,31,1370.6,3258,131,665,5570
183,675,0,34,1362.29,3259,131,666,5577
184,681,0,37,1353.48,3259,131,666,5590
185,691,0,36,1346.04,3261,131,666,5602
186,712,0,36,1338.88,3265,131,666,5612
187,729,0,38,1327.91,3266,132,666,5623
188,732,0,39,1315.9,3270,132,666,5642
189,745,0,39,1308.55,3272,133,666,5651
190,763,0,43,1298.45,3276,133,667,5659
191,782,0,44,1287.15,3282,134,667,5671
192,834,0,46,1279.15,3285,134,667,5676
193,856,0,48,1268.12,3289,134,668,5691
194,870,0,48,1257.78,3293,135,668,5702
195,894,0,50,1246.36,3299,135,668,5717
196,916,0,58,1233.09,3304,135,668,5727
197,923,0,62,1221.23,3310,136,668,5745
198,919,0,66,1210.49,3315,137,668,5770
199,929,0,70,1198.15,3321,139,668,5788
200,948,0,77,1185.78,3327,141,668,5805
201,957,0,85,1175.51,3335,141,668,5825
202,988,0,92,1163.26,3337,141,668,5841
203,1002,0,103,1145.6,3344,142,668,5860
204,1016,0,110,1135.14,3352,143,668,5873
205,1047,0,119,1116.27,3360,143,668,5888
206,1062,0,123,1101.31,3374,143,669,5901
207,1094,0,126,1088.62,3383,144,669,5911
208,1124,0,142,1068.23,3389,147,669,5930
209,1143,0,146,1050.8,3394,148,671,5948
210,1175,0,151,1032.04,3400,148,674,5962
211,1190,0,163,1011.17,3414,150,674,5976
212,1217,0,176,992.72,3425,153,674,6008
213,1246,0,183,975.01,3431,155,674,6025
214,1269,0,193,962.75,3442,155,674,6044
215,1265,0,205,941.37,3451,156,675,6071
216,1286,0,220,927.88,3460,156,676,6088
217,1306,0,230,911.6,3472,157,676,6107
218,1345,0,232,895.22,3480,158,676,6129
219,1380,0,244,875.17,3488,158,678,6139
220,1401,0,250,857.22,3495,160,678,6164
221,1426,0,256,837.41,3504,161,678,6185
222,1448,0,254,823.38,3513,162,682,6218
223,1479,0,266,801.7,3526,162,682,6236
224,1503,0,275,781.51,3538,163,686,6264
225,1533,0,277,763.82,3553,165,687,6300
226,1541,0,290,745.48,3569,170,687,6331
227,1543,0,293,730.18,3586,172,688,6364
228,1550,0,309,714.26,3602,175,688,6394
229,1562,0,319,700.86,3619,180,690,6421
230,1557,0,331,683.61,3650,182,694,6447
231,1548,0,352,663.74,3676,185,695,6479
232,1573,0,357,652.26,3695,185,697,6504
233,1596,0,352,630.95,3714,187,699,6539
234,1596,0,366,609.36,3741,187,701,6580
235,1607,0,389,594.15,3757,191,702,6609
236,1617,0,399,574.83,3782,194,704,6652
237,1619,0,415,554.51,3809,196,705,6692
238,1598,0,422,543.9,3838,197,707,6727
239,1599,0,449,526.51,3864,202,710,6754
240,1594,0,471,514.3,3897,205,712,6792
241,1566,0,483,496.99,3932,210,714,6822
242,1576,0,492,481.2,3960,211,720,6855
243,1581,0,508,467.07,3982,211,721,6886
244,1594,0,522,456.69,4011,213,723,6916
245,1591,0,542,441.89,4039,215,728,6958
246,1585,0,565,429.59,4063,217,732,7005
247,1591,0,587,417.33,4092,217,735,7040
248,1578,0,622,407.68,4125,217,736,7083
249,1546,0,661,399.76,4151,223,737,7121
250,1537,0,694,387.65,4172,228,741,7162
251,1527,0,707,379.64,4194,237,743,7205
252,1516,0,733,372.04,4223,239,749,7246
253,1488,0,752,367.21,4255,242,753,7285
254,1471,0,785,361.6,4282,243,756,7319
255,1456,0,814,356.72,4307,248,758,7367
256,1448,0,847,354.01,4329,249,760,7404
257,1407,0,866,352.12,4357,253,765,7462
258,1367,0,888,343.15,4386,258,769,7519
259,1341,0,925,338.12,4408,260,770,7557
260,1306,0,943,336.51,4431,262,771,7610
261,1274,0,962,334.93,4449,263,778,7658
262,1252,0,970,335.27,4471,263,779,7727
263,1212,0,993,335.51,4497,264,784,7791
264,1182,0,1019,334.02,4523,270,787,7839
265,1143,0,1002,337.85,4541,271,793,7930
266,1115,0,1003,340.94,4560,276,795,7989
267,1089,0,1005,342.2,4582,281,797,8052
268,1047,0,1014,344.98,4608,283,803,8113
269,1019,0,1029,345.71,4650,286,803,8165
270,988,0,1042,347.85,4682,288,806,8217
271,949,0,1037,348.8,4711,290,808,8286
272,887,0,1037,355.3,4751,294,813,8352
273,848,0,1041,359.24,4784,296,818,8417
274,818,0,1047,364.63,4816,296,825,8468
275,778,0,1056,368.41,4844,296,832,8527
276,741,0,1050,374.47,4877,300,837,8585
277,698,0,1063,380.98,4915,301,841,8638
278,669,0,1054,383.85,4941,302,845,8699
279,640,0,1043,388.95,4975,305,854,8758
280,612,0,1046,397,5006,305,861,8817
281,568,0,1055,404.53,5033,306,867,8872
282,542,0,1079,411.34,5056,308,868,8915
283,511,0,1079,421.46,5081,309,873,8971
284,482,0,1101,432,5106,309,878,9015
285,449,0,1100,440.73,5133,309,885,9069
286,435,0,1100,449.68,5155,310,887,9116
287,417,0,1097,459.41,5175,310,890,9163
288,400,0,1090,468.44,5194,310,902,9211
289,374,0,1094,479.25,5213,311,912,9261
290,361,0,1082,487.5,5227,313,915,9309
291,346,0,1085,497.46,5245,314,918,9350
292,334,0,1082,507.49,5262,316,921,9404
293,312,0,1074,517.37,5279,316,927,9450
294,297,0,1079,531.31,5291,316,932,9498
295,275,0,1081,542.62,5310,316,938,9537
296,261,0,1075,554.46,5326,318,948,9575
297,248,0,1071,565.51,5341,320,951,9624
298,231,0,1049,576.94,5357,321,955,9676
299,224,0,1017,586.26,5366,322,961,9735
300,209,0,1002,598.17,5380,323,967,9781
301,190,0,965,607.83,5395,324,973,9843
302,183,0,943,619.73,5403,327,978,9888
303,179,0,923,630.5,5409,329,983,9938
304,165,0,918,641.61,5425,330,989,9974
305,161,0,908,653.78,5438,331,995,10014
306,155,0,890,664.54,5450,331,995,10058
307,144,0,884,676.3,5464,331,999,10095
308,138,0,869,689,5475,332,1004,10133
309,129,0,850,701.34,5489,332,1009,10171
310,125,0,831,713.07,5499,332,1015,10204
311,121,0,809,725.88,5506,332,1019,10247
312,117,0,790,735.34,5515,332,1022,10291
313,114,0,762,748.32,5520,332,1030,10337
314,112,0,718,760.63,5527,333,1036,10385
315,108,0,712,771.17,5535,333,1038,10422
316,103,0,693,782.04,5539,333,1047,10451
317,94,0,653,791.99,5548,334,1050,10497
318,89,0,639,802.63,5561,334,1052,10527
319,92,0,620,813.09,5570,335,1057,10554
320,86,0,581,821.33,5578,336,1062,10598
321,82,0,569,832.85,5584,337,1064,10631
322,90,0,537,843.49,5585,337,1072,10665
323,96,0,516,852.77,5587,337,1077,10693
324,95,0,495,864.52,5591,337,1080,10728
325,90,0,470,876.21,5596,339,1085,10755
326,93,0,456,887.94,5597,341,1091,10779
327,96,0,444,898.51,5600,341,1095,10801
328,97,0,426,908.59,5600,342,1097,10828
329,103,0,401,920.01,5602,344,1103,10853
330,104,0,379,930.04,5602,344,1103,10885
331,109,0,367,937.44,5603,345,1109,10898
332,120,0,333,947.21,5603,346,1112,10936
333,124,0,309,959.06,5604,346,1119,10953
334,136,0,297,967.01,5605,348,1123,10965
335,146,0,280,975.67,5606,350,1123,10991
336,160,0,263,984.27,5607,350,1125,11009
337,166,0,253,992.9,5611,351,1125,11024
338,168,0,229,1001.76,5616,352,1132,11046
339,173,0,221,1009.83,5619,353,1134,11057
340,182,0,209,1019.1,5623,353,1137,11068
341,186,0,193,1024.66,5627,354,1140,11086
342,181,0,186,1030.38,5637,355,1143,11098
343,190,0,168,1036.98,5644,355,1149,11112
344,193,0,158,1042.38,5647,356,1151,11129
345,196,0,148,1049.32,5654,357,1152,11141
346,211,0,143,1054.24,5659,357,1154,11147
347,220,0,136,1061.15,5664,357,1154,11161
348,235,0,139,1069.85,5670,357,1154,11168
349,243,0,132,1075.71,5676,357,1155,11178
350,251,0,130,1081.98,5678,357,1158,11181
351,254,0,130,1086.44,5683,357,1159,11187
352,266,0,127,1092.41,5689,358,1160,11195
353,277,0,132,1095.18,5697,358,1162,11202
354,290,0,132,1102.23,5706,359,1163,11208
355,305,0,138,1106.68,5708,359,1164,11212
356,305,0,141,1107.68,5715,361,1164,11218
357,314,0,148,1113.3,5721,362,1165,11221
358,326,0,153,1115.84,5734,363,1166,11228
359,332,0,157,1117.37,5742,363,1168,11237
360,335,0,161,1121.89,5752,363,1169,11240
361,345,0,167,1124.42,5765,364,1170,11242
362,350,0,174,1129.59,5782,364,1171,11246
363,354,0,186,1132.85,5795,364,1172,11249
364,364,0,190,1136.6,5810,364,1173,11253
365,365,0,194,1139.46,5825,364,1173,11266
366,372,0,203,1140.58,5838,365,1173,11269
367,369,0,219,1142.79,5854,365,1174,11279
368,376,0,236,1143.17,5867,366,1174,11287
369,381,0,253,1143.34,5878,366,1174,11290
370,392,0,269,1145.68,5884,366,1176,11297
371,405,0,287,1145.23,5901,366,1177,11302
372,401,0,289,1143.03,5920,367,1179,11313
373,404,0,310,1141.3,5929,369,1180,11319
374,392,0,327,1140.64,5948,370,1181,11331
375,404,0,337,1136.37,5968,371,1184,11343
376,420,0,352,1136.36,5977,371,1187,11356
377,425,0,370,1136.65,5994,372,1189,11362
378,438,0,399,1135.36,6010,372,1189,11368
379,433,0,416,1132.98,6035,372,1189,11376
380,445,0,434,1129.43,6053,372,1189,11387
381,451,0,439,1126.36,6067,372,1189,11399
382,473,0,454,1124.95,6079,372,1189,11410
383,486,0,480,1121.53,6089,372,1190,11422
384,499,0,494,1115.76,6107,372,1192,11438
385,521,0,506,1108.96,6120,373,1193,11454
386,529,0,520,1103.37,6141,373,1195,11466
387,535,0,522,1098.53,6157,373,1197,11491
388,554,0,528,1091.36,6176,374,1198,11514
389,562,0,548,1083.53,6197,375,1198,11527
390,589,0,543,1077.08,6212,376,1199,11553
391,606,0,540,1068.55,6228,376,1202,11573
392,626,0,548,1057.43,6245,376,1202,11592
393,640,0,566,1046.79,6264,377,1205,11616
394,656,0,577,1039.57,6287,378,1206,11638
395,683,0,574,1027.1,6306,379,1207,11666
396,693,0,585,1017.81,6335,379,1209,11686
397,704,0,593,1009.33,6361,382,1210,11710
398,716,0,614,998.04,6390,382,1212,11727
399,734,0,623,984.76,6412,384,1213,11751
400,748,0,630,975.48,6441,386,1214,11790
401,759,0,629,963.93,6469,387,1216,11819
402,765,0,626,954.61,6495,387,1220,11849
403,779,0,645,942.44,6527,387,1221,11879
404,805,0,651,927.12,6553,388,1224,11905
405,822,0,670,915.92,6588,390,1224,11934
406,847,0,680,902.63,6616,391,1228,11960
407,866,0,704,886.59,6637,394,1229,11980
408,888,0,733,874.14,6667,397,1230,12001
409,905,0,755,859.88,6697,397,1230,12030
410,923,0,763,851.07,6727,399,1233,12060
411,942,0,809,837.97,6760,401,1235,12086
412,943,0,826,826.08,6802,403,1241,12107
413,962,0,857,816.02,6834,404,1242,12129
414,976,0,876,802.29,6860,404,1246,12159
415,987,0,892,794.16,6891,404,1251,12195
416,969,0,915,786.38,6936,405,1258,12223
417,974,0,931,778.11,6964,407,1260,12267
418,958,0,974,771.57,7000,407,1262,12296
419,971,0,1005,764.46,7025,409,1263,12325
420,965,0,1019,757.9,7049,410,1265,12376
421,967,0,1060,748.82,7081,411,1268,12410
422,952,0,1092,743.03,7124,411,1272,12455
423,944,0,1123,736.48,7165,411,1273,12487
424,943,0,1140,730.03,7204,412,1276,12524
425,911,0,1162,726.76,7256,415,1281,12570
426,882,0,1185,723.53,7301,417,1284,12609
427,867,0,1220,717.17,7337,418,1289,12650
428,828,0,1228,716.02,7384,419,1291,12711
429,792,0,1228,710.74,7432,421,1298,12758
430,760,0,1232,704.23,7471,423,1299,12808
431,745,0,1244,702.23,7508,424,1304,12859
432,731,0,1263,699.88,7539,424,1306,12914
433,710,0,1283,700.44,7589,428,1310,12967
434,683,0,1296,700.72,7635,428,1315,13021
435,635,0,1305,697.71,7692,430,1320,13084
436,611,0,1300,700.83,7727,430,1324,13146
437,575,0,1315,702.06,7776,431,1326,13192
438,549,0,1318,702.58,7818,431,1330,13257
439,534,0,1332,707.54,7858,432,1331,13316
440,502,0,1332,707.6,7893,432,1334,13380
441,502,0,1356,707.92,7916,432,1337,13426
442,486,0,1363,710.99,7942,432,1346,13480
443,472,0,1366,716.03,7958,434,1352,13540
444,450,0,1384,721.71,7986,436,1359,13601
445,431,0,1392,725.81,8015,439,1364,13659
446,417,0,1405,730.81,8041,439,1370,13705
447,411,0,1422,733.82,8059,442,1376,13748
448,403,0,1425,737.99,8078,443,1379,13800
449,396,0,1425,745.48,8093,443,1383,13859
450,388,0,1417,750.87,8108,444,1390,13915
451,387,0,1409,757.03,8125,444,1394,13971
452,370,0,1405,762.07,8145,444,1396,14036
453,367,0,1405,767.25,8166,444,1401,14080
454,352,0,1378,772.6,8190,444,1409,14136
455,343,0,1374,779.23,8201,444,1413,14197
456,343,0,1343,782.64,8225,445,1423,14275
457,341,0,1330,789.92,8240,445,1431,14336
458,333,0,1297,795.49,8252,447,1437,14410
459,327,0,1282,806.49,8267,448,1445,14469
460,321,0,1263,814.54,8280,449,1453,14527
461,313,0,1226,825,8295,450,1453,14600
462,305,0,1184,833.35,8306,450,1462,14670
463,292,0,1156,841.74,8320,450,1465,14733
464,280,0,1139,849.51,8335,450,1469,14794
465,279,0,1105,857.7,8356,450,1474,14852
466,269,0,1069,866.51,8372,450,1478,14914
467,267,0,1021,872.28,8382,450,1485,14981
468,261,0,991,880.85,8394,450,1488,15038
469,254,0,941,887.33,8403,450,1496,15113
470,244,0,911,897.41,8418,452,1504,15165
471,238,0,894,905.14,8428,453,1513,15203
472,228,0,868,911.81,8439,454,1520,15255
473,225,0,821,918.05,8451,454,1525,15311
474,219,0,787,926.99,8459,454,1534,15367
475,203,0,765,933.17,8481,454,1538,15415
476,189,0,738,939.59,8499,454,1543,15465
477,188,0,716,947.37,8508,454,1547,15511
478,196,0,683,955.81,8518,454,1552,15553
479,188,0,673,960.78,8527,454,1552,15590
480,186,0,649,968.39,8533,454,1559,15631
481,191,0,618,977.81,8539,456,1561,15685
482,194,0,595,983.6,8542,456,1568,15716
483,201,0,589,989.52,8549,456,1578,15745
484,205,0,576,997.94,8555,456,1588,15771
485,198,0,560,1004.19,8568,459,1590,15796
486,196,0,544,1007.94,8577,459,1593,15827
487,197,0,524,1014.81,8588,460,1596,15857
488,200,0,504,1022.26,8592,461,1599,15886
489,219,0,489,1026.78,8592,461,1602,15920
490,229,0,481,1031.76,8597,462,1606,15937
491,236,0,465,1039,8602,463,1614,15961
492,241,0,457,1044.18,8604,463,1616,15984
493,249,0,445,1051.64,8606,463,1621,16011
494,253,0,426,1055.7,8608,463,1624,16043
495,259,0,422,1058.12,8612,463,1627,16057
496,272,0,406,1063.12,8616,464,1629,16085
497,274,0,396,1070.12,8623,467,1630,16112
498,285,0,375,1071.28,8623,472,1630,16140
499,300,0,366,1073.15,8625,473,1630,16158
500,310,0,339,1078.21,8631,477,1630,16193
501,323,0,330,1079.56,8632,479,1630,16216
502,338,0,323,1081.3,8634,479,1634,16230
503,357,0,308,1084.78,8641,479,1636,16249
504,371,0,292,1086.59,8644,480,1643,16265
505,372,0,285,1088.9,8649,482,1645,16278
506,384,0,270,1092.32,8656,483,1647,16304
507,380,0,267,1094.49,8665,484,1651,16321
508,391,0,253,1094.5,8675,485,1655,16340
509,400,0,242,1095.29,8682,486,1656,16359
510,399,0,231,1095.4,8689,487,1656,16384
511,424,0,222,1097.2,8690,488,1659,16397
512,445,0,213,1097.98,8693,490,1660,16413
513,456,0,201,1096.71,8703,490,1663,16431
514,459,0,194,1094.86,8713,492,1663,16448
515,459,0,194,1091.17,8725,493,1665,16459
516,471,0,196,1090.79,8737,494,1667,16474
517,474,0,196,1090.94,8743,494,1670,16487
518,483,0,194,1085.32,8754,495,1672,16506
519,505,0,193,1085.47,8759,495,1674,16517
520,520,0,197,1085.47,8765,496,1674,16527
521,522,0,199,1082.45,8782,496,1676,16538
522,529,0,204,1082.41,8799,496,1676,16550
523,551,0,208,1080.87,8807,497,1679,16555
524,556,0,206,1078.48,8818,498,1682,16570
525,566,0,215,1079.59,8830,498,1684,16583
526,575,0,214,1079.7,8836,500,1685,16601
527,594,0,216,1077.21,8841,500,1686,16611
528,617,0,221,1075.86,8851,502,1687,16620
529,620,0,233,1073.63,8858,502,1687,16632
530,627,0,243,1072.2,8868,502,1687,16642
531,641,0,249,1069.71,8869,502,1687,16655
532,667,0,253,1064.94,8880,503,1689,16676
533,683,0,268,1062.29,8889,503,1691,16696
534,684,0,278,1059.66,8901,503,1692,16713
535,688,0,276,1055.72,8914,503,1694,16735
536,680,0,295,1050.51,8927,503,1696,16753
537,682,0,307,1045.82,8942,504,1696,16767
538,671,0,310,1040.9,8962,505,1696,16787
539,676,0,327,1036.96,8978,505,1696,16804
540,677,0,337,1036.25,8992,506,1697,16825
541,681,0,346,1032.12,9007,506,1699,16848
542,670,0,347,1029.83,9025,507,1699,16867
543,667,0,353,1025.87,9048,509,1700,16889
544,668,0,366,1020.63,9074,510,1701,16903
545,662,0,375,1016.85,9097,510,1702,16925
546,662,0,379,1015.21,9109,511,1702,16950
547,660,0,386,1009.71,9125,512,1703,16977
548,657,0,401,1007.34,9141,512,1704,17000
549,661,0,425,1003.56,9156,513,1704,17015
550,657,0,422,999.57,9178,514,1707,17040
551,667,0,440,996.8,9199,515,1707,17063
552,671,0,467,993,9208,515,1708,17085
553,666,0,477,989.54,9219,518,1710,17112
554,675,0,491,986,9230,519,1711,17132
555,688,0,508,984.08,9245,519,1714,17145
556,696,0,506,975.41,9252,519,1719,17171
557,708,0,509,972.15,9263,519,1719,17193
558,718,0,519,970.46,9271,519,1719,17217
559,739,0,523,966.19,9280,519,1721,17243
560,739,0,527,961.91,9293,523,1724,17266
561,738,0,551,959.14,9301,528,1725,17287
562,753,0,558,954.09,9306,529,1727,17313
563,762,0,574,946.36,9312,531,1729,17339
564,771,0,573,942.06,9322,531,1730,17373
565,784,0,571,935.82,9331,532,1731,17405
566,796,0,558,932,9343,534,1736,17439
567,804,0,569,926.38,9358,534,1736,17463
568,801,0,562,918.68,9375,536,1738,17506
569,813,0,572,915.27,9390,536,1741,17538
570,825,0,570,909.36,9402,538,1742,17569
571,827,0,561,901.43,9415,539,1745,17601
572,830,0,547,897.63,9429,540,1746,17642
573,830,0,554,892.44,9439,542,1747,17673
574,844,0,559,886.17,9454,545,1750,17698
575,844,0,561,882.76,9469,547,1752,17732
576,846,0,574,873.29,9487,548,1755,17769
577,843,0,577,867.51,9501,552,1757,17799
578,845,0,573,860.41,9517,554,1759,17841
579,861,0,584,855.73,9534,557,1761,17873
580,868,0,575,853.23,9553,559,1762,17912
581,875,0,576,845.1,9574,560,1766,17941
582,856,0,578,837.53,9595,562,1770,17976
583,848,0,587,834.03,9611,565,1771,18005
584,855,0,596,823.39,9638,568,1776,18027
585,856,0,597,817.56,9657,568,1785,18059
586,863,0,580,807.51,9670,570,1791,18102
587,871,0,587,801.08,9685,575,1795,18147
588,873,0,594,791.37,9708,579,1797,18178
589,886,0,606,782.35,9720,581,1800,18205
590,896,0,606,772.54,9737,583,1803,18237
591,908,0,612,763.27,9763,584,1804,18262
592,899,0,612,757.78,9783,586,1808,18305
593,912,0,596,746.85,9805,589,1812,18345
594,917,0,600,741.38,9825,591,1814,18375
595,932,0,608,734.09,9840,592,1816,18407
596,949,0,606,727.54,9853,593,1816,18441
597,960,0,621,719.86,9877,594,1819,18467
598,978,0,628,709.56,9898,594,1826,18492
599,990,0,629,704.39,9922,594,1830,18527
600,988,0,637,694.06,9949,595,1832,18559
601,988,0,637,686.83,9975,596,1839,18594
602,1001,0,648,678.56,10001,597,1841,18622
603,987,0,670,670.09,10022,598,1846,18657
604,977,0,687,666.39,10044,599,1846,18690
605,1001,0,701,661.83,10078,603,1848,18721
606,1003,0,720,654.94,10100,603,1850,18756
607,994,0,745,645.34,10137,603,1854,18779
608,976,0,775,640.43,10174,605,1855,18824
609,967,0,790,631.99,10211,606,1855,18862
610,950,0,816,624.65,10252,608,1860,18896
611,920,0,836,620.33,10288,612,1862,18936
612,895,0,851,611.58,10329,612,1869,18982
613,888,0,861,608.89,10359,613,1872,19016
614,871,0,874,606.54,10396,616,1875,19051
615,860,0,887,601.65,10434,619,1877,19091
616,857,0,900,600.62,10458,620,1882,19126
617,844,0,911,600.41,10485,621,1885,19164
618,826,0,921,597.19,10518,621,1888,19207
619,826,0,932,597.37,10542,621,1890,19248
620,814,0,944,595.66,10574,621,1891,19289
621,800,0,960,595.41,10614,621,1893,19335
622,768,0,984,595.53,10658,623,1898,19372
623,743,0,1006,592.57,10694,624,1900,19412
624,715,0,1044,597.1,10736,625,1903,19451
625,689,0,1058,598,10780,625,1906,19489
626,652,0,1078,597.41,10821,625,1909,19538
627,627,0,1093,598.03,10859,625,1915,19590
628,608,0,1119,600.24,10896,626,1919,19637
629,582,0,1139,602.24,10931,626,1920,19680
630,566,0,1167,603.69,10967,626,1924,19709
631,528,0,1173,607.26,11004,626,1926,19753
632,502,0,1189,611.06,11040,628,1928,19806
633,475,0,1200,615.76,11079,628,1931,19845
634,452,0,1224,620.55,11118,632,1936,19890
635,423,0,1259,629.02,11162,632,1941,19925
636,395,0,1287,633.09,11201,632,1954,19959
637,360,0,1309,638.69,11236,635,1957,20001
638,327,0,1324,644.07,11272,635,1965,20060
639,307,0,1352,649.46,11313,635,1969,20106
640,270,0,1370,655.2,11357,635,1972,20152
641,250,0,1373,663.63,11396,636,1976,20208
642,220,0,1394,667.46,11430,637,1983,20250
643,190,0,1416,673.71,11466,637,1985,20300
644,176,0,1430,678.9,11498,638,1987,20343
645,167,0,1439,684.03,11525,639,1993,20401
646,149,0,1454,692.62,11555,639,1999,20448
647,139,0,1447,701.1,11574,639,2002,20499
648,137,0,1460,712.01,11589,639,2010,20532
649,139,0,1449,722.25,11600,641,2013,20587
650,135,0,1444,729.24,11617,641,2018,20633
651,123,0,1423,740.04,11633,641,2021,20690
652,123,0,1406,750.07,11648,642,2026,20751
653,109,0,1371,758.07,11671,643,2033,20817
654,109,0,1357,766.23,11686,643,2040,20870
655,117,0,1315,772.8,11692,643,2046,20944
656,130,0,1286,780.74,11697,643,2051,21011
657,130,0,1252,786.26,11706,643,2064,21070
658,141,0,1240,793.52,11718,643,2070,21123
659,133,0,1217,802.24,11733,644,2078,21177
660,132,0,1179,807.75,11743,644,2082,21241
661,133,0,1149,814.64,11751,645,2085,21299
662,141,0,1098,823.3,11758,645,2091,21378
663,152,0,1064,831.03,11761,645,2094,21447
664,154,0,1040,839.72,11766,645,2097,21493
665,160,0,1001,847.2,11771,645,2103,21552
666,169,0,959,854.67,11784,646,2106,21610
667,183,0,919,862.39,11793,646,2116,21662
668,186,0,891,868.07,11806,647,2122,21705
669,180,0,850,876.49,11821,647,2129,21758
670,183,0,828,882.68,11829,648,2132,21802
671,189,0,779,887.38,11841,648,2138,21857
672,193,0,750,895.94,11845,648,2143,21895
673,193,0,714,906.29,11853,648,2154,21939
674,192,0,685,912.54,11862,648,2160,21979
675,189,0,644,920.76,11872,650,2163,22031
676,199,0,614,927.71,11876,651,2171,22075
677,203,0,585,934.99,11887,651,2175,22114
678,211,0,559,941.58,11891,651,2179,22152
679,221,0,530,948.98,11898,652,2183,22193
680,223,0,487,956.16,11909,652,2190,22244
681,235,0,469,963.24,11914,652,2196,22273
682,235,0,450,970.55,11931,653,2197,22307
683,237,0,435,977.11,11949,653,2203,22331
684,239,0,424,981.78,11961,653,2208,22357
685,236,0,409,986.43,11980,654,2212,22379
686,241,0,392,990.54,11993,654,2216,22406
687,244,0,371,993.59,12003,654,2219,22434
688,257,0,364,997.71,12014,654,2219,22450
689,266,0,358,1003.13,12024,654,2221,22467
690,277,0,345,1007.1,12037,654,2224,22490
691,276,0,333,1007,12055,654,2229,22511
692,279,0,348,1009.45,12073,654,2231,22523
693,272,0,348,1011.46,12092,655,2234,22539
694,279,0,365,1015.77,12101,655,2236,22551
695,287,0,379,1015.76,12113,655,2240,22562
696,295,0,393,1017.09,12123,655,2243,22573
697,300,0,405,1023.04,12132,655,2245,22583
698,316,0,417,1022.88,12144,655,2245,22595
699,330,0,434,1024.19,12156,655,2246,22604
700,340,0,440,1024.66,12168,655,2249,22615
701,351,0,435,1025.2,12187,655,2252,22638
702,365,0,450,1024.88,12208,655,2254,22650
703,361,0,462,1024.66,12229,656,2255,22665
704,366,0,476,1022.96,12254,656,2257,22676
705,385,0,485,1021.44,12270,656,2258,22687
706,386,0,499,1018.99,12294,656,2259,22697
707,379,0,517,1016.43,12322,656,2259,22708
708,378,0,543,1013.13,12350,656,2259,22721
709,361,0,552,1009.94,12388,656,2260,22742
710,366,0,562,1007.6,12416,656,2261,22764
711,381,0,564,1006.56,12428,656,2262,22789
712,384,0,570,1007.33,12447,656,2263,22810
713,391,0,576,1005,12469,658,2265,22831
714,400,0,583,1002.63,12490,659,2267,22850
715,406,0,591,1000.66,12512,659,2269,22872
716,410,0,595,1000.08,12542,660,2272,22889
717,412,0,602,997.58,12566,662,2274,22905
718,425,0,623,994.29,12591,662,2275,22922
719,428,0,657,993.74,12610,662,2279,22948
720,440,0,669,993.63,12633,662,2279,22973
721,455,0,703,994.6,12647,662,2280,22993
722,463,0,729,996.68,12668,662,2280,23012
723,458,0,757,997.39,12691,662,2280,23029
724,461,0,777,996.27,12718,664,2282,23042
725,463,0,791,998.71,12743,666,2286,23068
726,455,0,804,1000.63,12769,667,2289,23091
727,457,0,821,1002.1,12786,668,2293,23116
728,458,0,831,1004.11,12804,669,2298,23134
729,456,0,854,1004.51,12829,671,2301,23156
730,450,0,865,1005.51,12852,673,2307,23179
731,442,0,876,1007.76,12867,673,2310,23207
732,439,0,886,1008.34,12891,673,2315,23234
733,438,0,899,1012.13,12914,674,2320,23257
734,430,0,908,1013.41,12943,675,2323,23280
735,412,0,920,1016.07,12968,675,2324,23310
736,400,0,912,1017.51,12990,676,2325,23361
737,387,0,920,1015.2,13015,679,2327,23400
738,379,0,923,1015.64,13040,679,2329,23450
739,363,0,928,1015.83,13064,681,2332,23494
740,363,0,948,1014.55,13085,682,2333,23526
741,355,0,956,1015.04,13109,684,2336,23556
742,359,0,954,1016.58,13124,684,2336,23606
743,367,0,951,1017.28,13147,685,2340,23642
744,357,0,938,1016.41,13167,687,2347,23683
745,364,0,946,1017.61,13186,687,2350,23718
746,376,0,944,1020.05,13206,688,2354,23755
747,370,0,942,1021.73,13224,689,2356,23797
748,364,0,929,1020.78,13252,689,2361,23832
749,357,0,926,1020.99,13277,690,2363,23875
750,343,0,924,1019.63,13303,690,2365,23916
751,342,0,923,1020.1,13329,691,2367,23949
752,333,0,938,1019.2,13355,691,2368,23985
753,317,0,929,1019.27,13381,691,2369,24029
754,312,0,930,1021.13,13401,692,2370,24069
755,315,0,914,1023.11,13424,692,2373,24111
756,327,0,900,1022.38,13446,692,2380,24152
757,341,0,885,1021.33,13461,694,2389,24197
758,341,0,879,1019.65,13474,694,2393,24237
759,343,0,862,1018,13489,694,2398,24284
760,354,0,857,1017.21,13506,694,2404,24317
761,361,0,848,1018.19,13518,694,2408,24352
762,355,0,838,1015.2,13544,694,2413,24393
763,349,0,854,1014.88,13569,694,2415,24420
764,356,0,844,1013.59,13587,694,2419,24457
765,349,0,854,1011.37,13617,694,2422,24482
766,328,0,840,1010.57,13651,698,2425,24523
767,316,0,837,1008.61,13680,700,2431,24556
768,301,0,822,1008.15,13703,701,2441,24587
769,293,0,814,1009.17,13722,703,2443,24635
770,295,0,804,1011.22,13741,703,2450,24669
771,303,0,782,1012.87,13762,703,2452,24713
772,302,0,783,1013.7,13782,706,2460,24743
773,291,0,786,1015.9,13805,706,2464,24781
774,286,0,795,1018.57,13824,706,2467,24814
775,269,0,796,1020.59,13846,706,2468,24851
776,271,0,806,1021.7,13867,706,2470,24874
777,253,0,812,1022.33,13893,706,2474,24908
778,263,0,813,1026.32,13904,707,2478,24937
779,260,0,815,1028.13,13922,708,2479,24972
780,257,0,805,1027.77,13936,709,2480,25017
781,256,0,811,1028.67,13961,711,2486,25046
782,252,0,813,1030.06,13982,711,2489,25078
783,250,0,810,1029.52,13999,711,2492,25106
784,239,0,800,1032.28,14021,713,2496,25146
785,237,0,810,1035.48,14045,713,2498,25170
786,241,0,802,1036.89,14058,713,2501,25204
787,243,0,799,1036.96,14075,713,2506,25230
788,251,0,808,1039.48,14086,715,2511,25252
789,263,0,817,1038.68,14106,716,2517,25279
790,260,0,822,1042.79,14131,716,2518,25316
791,251,0,822,1044.29,14149,716,2521,25355
792,248,0,821,1047.25,14167,716,2524,25389
793,261,0,820,1049.49,14184,716,2530,25422
794,268,0,824,1050.97,14202,716,2532,25454
795,267,0,813,1054.03,14220,716,2537,25480
796,272,0,821,1055.66,14233,717,2540,25504
797,271,0,819,1059.73,14248,718,2541,25537
798,278,0,806,1060.39,14265,719,2545,25576
799,271,0,794,1063.21,14285,722,2552,25612
800,272,0,798,1063.8,14306,724,2555,25643
801,262,0,793,1068.77,14329,725,2558,25674
802,259,0,788,1069.22,14348,725,2561,25709
803,250,0,788,1070.08,14368,725,2562,25732
804,236,0,801,1074.84,14392,725,2565,25759
805,231,0,795,1080.29,14410,725,2566,25796
806,225,0,787,1082.52,14430,726,2572,25830
807,215,0,783,1083.39,14455,726,2574,25869
808,217,0,776,1087.77,14480,726,2577,25908
809,207,0,761,1091.9,14499,728,2579,25945
810,196,0,762,1099.12,14521,728,2585,25971
811,184,0,763,1103.18,14541,728,2588,26005
812,182,0,763,1106.42,14552,729,2593,26030
813,175,0,756,1111.78,14564,729,2598,26060
814,178,0,755,1115.28,14574,730,2601,26092
815,189,0,747,1119.1,14584,730,2605,26124
816,181,0,754,1124.12,14602,731,2608,26154
817,179,0,747,1128.93,14617,731,2613,26194
818,181,0,747,1132.21,14626,733,2618,26223
819,183,0,744,1136.37,14631,734,2619,26256
820,195,0,750,1141.34,14636,735,2622,26274
821,205,0,726,1145.58,14646,736,2629,26314
822,199,0,707,1146.12,14661,737,2635,26344
823,205,0,696,1148.98,14674,737,2639,26374
824,212,0,686,1152.96,14682,739,2642,26408
825,225,0,674,1155.37,14688,740,2644,26442
826,226,0,672,1157.32,14699,741,2648,26465
827,233,0,663,1158.17,14712,743,2654,26495
828,237,0,649,1160.33,14726,743,2658,26534
829,236,0,633,1161.62,14740,744,2663,26559
830,238,0,631,1163.26,14752,744,2666,26586
831,245,0,613,1163.78,14763,744,2668,26623
832,247,0,611,1164.62,14779,744,2668,26649
833,250,0,584,1164.56,14796,744,2670,26689
834,264,0,565,1164.21,14808,744,2671,26727
835,285,0,545,1162.55,14819,744,2676,26758
836,284,0,537,1165.34,14829,744,2679,26791
837,288,0,519,1161.36,14845,744,2683,26820
838,299,0,506,1160.34,14858,744,2691,26846
839,296,0,502,1162.02,14875,744,2695,26863
840,303,0,493,1164.85,14886,744,2697,26886
841,303,0,478,1163.34,14905,744,2698,26911
842,319,0,479,1164.39,14916,744,2701,26939
843,332,0,473,1161.13,14928,744,2703,26963
844,343,0,462,1160.5,14939,744,2705,26991
845,347,0,459,1157.27,14954,747,2708,27016
846,350,0,469,1155.26,14967,747,2710,27030
847,357,0,466,1151.9,14982,747,2711,27057
848,363,0,468,1149.12,14999,748,2712,27077
849,352,0,468,1147.51,15029,748,2713,27097
850,352,0,469,1143.57,15056,749,2719,27111
851,366,0,471,1140.67,15073,749,2721,27127
852,384,0,475,1133.48,15090,749,2726,27142
853,392,0,471,1127.85,15108,749,2728,27165
854,403,0,478,1122.87,15127,749,2731,27176
855,404,0,480,1120.73,15148,749,2732,27195
856,406,0,498,1117.8,15176,751,2733,27211
857,413,0,523,1113.96,15200,751,2734,27228
858,409,0,545,1110.44,15224,754,2736,27243
859,405,0,538,1108.9,15247,756,2739,27273
860,405,0,551,1107.63,15271,758,2740,27289
861,401,0,577,1105.24,15295,759,2743,27300
862,400,0,589,1101.13,15319,762,2746,27315
863,394,0,610,1101.71,15340,764,2747,27331
864,396,0,626,1098.41,15359,766,2748,27353
865,390,0,635,1096.52,15390,766,2753,27369
866,387,0,658,1093.79,15404,766,2756,27382
867,375,0,683,1093.56,15430,766,2759,27402
868,375,0,709,1093.41,15456,767,2761,27415
869,366,0,716,1089.27,15481,769,2764,27437
870,349,0,743,1088.69,15511,771,2765,27454
871,344,0,756,1087.52,15535,772,2768,27475
872,361,0,772,1086.56,15549,773,2773,27490
873,357,0,776,1085.27,15574,773,2776,27521
874,365,0,800,1083.12,15594,776,2776,27549
875,352,0,802,1083.75,15626,778,2778,27583
876,352,0,812,1081.59,15648,779,2780,27605
877,351,0,828,1078.95,15663,779,2782,27630
878,356,0,833,1075.55,15681,779,2785,27657
879,352,0,835,1074.83,15702,779,2788,27686
880,347,0,847,1071.07,15722,780,2792,27722
881,352,0,844,1067.64,15749,781,2793,27757
882,355,0,855,1065.92,15772,781,2793,27783
883,337,0,855,1063.88,15811,781,2795,27815
884,333,0,852,1063.43,15838,781,2798,27857
885,321,0,860,1060.83,15871,781,2803,27891
886,310,0,881,1059.17,15899,782,2806,27918
887,327,0,871,1059.67,15919,782,2807,27954
888,320,0,895,1062.83,15949,782,2809,27982
889,301,0,908,1064.28,15979,782,2812,28011
890,292,0,910,1066.49,16008,782,2815,28043
891,275,0,911,1067.83,16037,782,2818,28088
892,268,0,922,1069.19,16060,783,2823,28120
893,260,0,939,1069.95,16082,785,2828,28148
894,251,0,953,1071.12,16106,787,2835,28181
895,243,0,976,1068.87,16131,787,2842,28210
896,229,0,981,1071.55,16151,788,2845,28240
897,217,0,979,1074.6,16181,790,2852,28279
898,211,0,991,1076.56,16198,791,2858,28306
899,217,0,997,1076.77,16211,791,2862,28336
900,224,0,987,1077.6,16228,791,2867,28374
901,239,0,989,1079.61,16244,792,2867,28408
902,239,0,994,1081.62,16255,795,2870,28447
903,244,0,997,1082.26,16264,795,2872,28490
904,241,0,1011,1084.69,16284,796,2876,28521
905,235,0,991,1088.76,16304,796,2879,28567
906,236,0,995,1091.39,16320,796,2884,28607
907,233,0,988,1095.95,16337,797,2891,28641
908,233,0,975,1100.2,16351,797,2893,28683
909,231,0,961,1100.12,16366,798,2899,28731
910,233,0,938,1102.85,16380,798,2904,28780
911,222,0,917,1103.68,16400,798,2905,28828
912,226,0,899,1104.86,16411,798,2908,28880
913,227,0,884,1107.71,16424,798,2912,28911
914,231,0,873,1109.63,16437,798,2914,28954
915,235,0,841,1111.79,16453,798,2922,29005
916,236,0,834,1113.23,16474,799,2927,29044
917,233,0,826,1114.6,16488,799,2932,29077
918,230,0,816,1119.22,16506,799,2937,29114
919,229,0,799,1119.39,16531,799,2943,29157
920,232,0,779,1120.19,16545,800,2945,29202
921,233,0,755,1121.41,16554,800,2948,29248
922,226,0,737,1122.54,16569,802,2951,29281
923,219,0,712,1125.23,16586,803,2955,29328
924,225,0,686,1128.22,16597,803,2961,29368
925,238,0,667,1127.96,16603,803,2964,29403
926,240,0,659,1129.23,16614,803,2970,29441
927,248,0,655,1132.63,16625,803,2973,29471
928,259,0,649,1134.03,16640,803,2976,29499
929,260,0,631,1130.51,16653,803,2983,29535
930,265,0,635,1130.33,16671,803,2989,29554
931,269,0,632,1132.02,16688,803,2992,29590
932,272,0,630,1130.68,16703,803,2993,29617
933,270,0,615,1128.51,16717,803,2997,29651
934,276,0,598,1127.24,16729,803,2999,29680
935,281,0,593,1130.32,16744,804,3002,29705
936,286,0,575,1127.75,16763,804,3005,29735
937,289,0,571,1121.35,16779,805,3007,29765
938,301,0,570,1120.96,16796,805,3011,29784
939,314,0,578,1116.49,16811,805,3014,29799
940,324,0,564,1111.94,16829,806,3018,29828
941,336,0,551,1108.56,16846,806,3023,29852
942,360,0,557,1102.7,16858,806,3027,29866
943,389,0,549,1095.77,16871,806,3032,29898
944,407,0,542,1090.8,16885,806,3036,29924
945,427,0,548,1080.11,16899,808,3041,29947
946,443,0,557,1070.08,16923,809,3042,29968
947,461,0,563,1063.72,16945,811,3043,29991
948,475,0,556,1059.44,16967,812,3046,30021
949,493,0,552,1052.83,16989,812,3049,30040
950,502,0,561,1045.06,17011,815,3051,30059
951,509,0,578,1040.3,17039,816,3054,30069
952,529,0,593,1035.79,17066,817,3056,30088
953,534,0,603,1029.15,17086,817,3060,30105
954,549,0,606,1021.94,17111,818,3061,30127
955,534,0,613,1016.83,17143,820,3064,30156
956,535,0,626,1013.37,17169,821,3065,30180
957,539,0,636,1012.04,17201,822,3066,30195
958,536,0,643,1006.15,17239,822,3070,30215
959,531,0,665,1000.61,17274,822,3074,30237
960,516,0,691,996.94,17318,822,3076,30254
961,508,0,720,992.58,17363,824,3079,30274
962,497,0,735,987.77,17404,824,3081,30301
963,479,0,760,984.55,17446,826,3083,30323
964,462,0,780,983.82,17481,826,3084,30354
965,434,0,813,980.53,17531,828,3085,30373
966,411,0,844,980.78,17574,830,3091,30387
967,397,0,872,980.44,17609,831,3096,30406
968,390,0,909,978.23,17637,831,3097,30428
969,384,0,935,978.47,17665,832,3098,30449
970,361,0,949,974.59,17705,833,3100,30472
971,334,0,990,971.73,17744,841,3102,30490
972,317,0,1014,973.28,17774,847,3105,30517
973,309,0,1048,973.7,17804,852,3106,30541
974,306,0,1058,970.69,17831,858,3111,30562
975,303,0,1100,970.63,17849,860,3113,30583
976,302,0,1130,971.41,17864,860,3115,30610
977,327,0,1142,968.85,17873,860,3117,30647
978,326,0,1155,967,17897,861,3119,30685
979,319,0,1173,966.42,17920,862,3126,30719
980,316,0,1190,964.96,17941,864,3131,30760
981,314,0,1198,965.68,17961,865,3137,30797
982,307,0,1221,967.24,17983,865,3141,30833
983,302,0,1220,967.85,18004,865,3146,30875
984,309,0,1219,971.47,18032,867,3151,30920
985,314,0,1227,976.37,18053,869,3155,30976
986,319,0,1239,974.15,18075,871,3158,31016
987,311,0,1260,975.85,18099,871,3159,31052
988,306,0,1241,977.27,18124,871,3164,31109
989,296,0,1225,979.18,18143,871,3166,31154
990,293,0,1222,979.44,18160,871,3167,31209
991,293,0,1216,980.76,18176,871,3170,31252
992,285,0,1185,983.59,18186,872,3180,31319
993,281,0,1159,986.64,18199,872,3182,31380
994,280,0,1136,988.59,18215,873,3186,31426
995,283,0,1109,994.1,18229,874,3191,31477
996,294,0,1081,995.77,18239,874,3196,31531
997,300,0,1037,994.92,18251,874,3200,31601
998,300,0,1018,995.84,18267,874,3203,31652
999,293,0,991,999.52,18287,874,3208,31715
