Tick,Bandicoots,Invaders,Foxes,Grass_Health_Index,Total_Bandicoots_Eaten,Trap_Deaths,Old_Age_Deaths,Hunger_Deaths
0,195,0,191,1642.47,5,15,0,0
1,181,0,180,1623.92,16,28,7,0
2,175,0,172,1657.02,21,37,15,0
3,180,0,170,1638.81,22,43,19,1
4,181,0,168,1636.96,25,48,28,2
5,185,0,158,1648.72,29,58,33,5
6,181,0,153,1641.12,36,69,37,6
7,179,0,140,1638.27,40,77,45,11
8,175,0,133,1638.06,46,82,50,13
9,173,0,130,1634.11,48,90,57,13
10,177,0,124,1634.96,50,99,63,13
11,183,0,119,1633.32,50,104,66,18
12,194,0,114,1628.69,55,109,70,18
13,197,0,112,1623.75,57,116,73,20
14,204,0,108,1617.28,57,120,76,23
15,206,0,100,1608.57,59,130,78,26
16,205,0,89,1599.1,61,142,81,27
17,206,0,88,1588.84,63,144,84,28
18,206,0,86,1587.18,64,151,87,32
19,213,0,80,1576.48,66,154,95,36
20,216,0,75,1561.64,67,156,100,40
21,215,0,74,1550.66,67,160,102,41
22,215,0,68,1545.01,68,166,103,49
23,216,0,60,1534.35,69,172,105,53
24,233,0,55,1521.44,70,174,105,57
25,244,0,54,1511.22,72,176,106,61
26,246,0,49,1496.44,74,179,109,63
27,249,0,43,1479.23,75,184,111,70
28,255,0,39,1465.93,75,186,113,74
29,262,0,38,1444.18,75,186,114,78
30,268,0,38,1433.36,75,188,116,78
31,275,0,39,1424.71,75,189,116,79
32,284,0,34,1397.87,75,192,116,83
33,293,0,28,1384.23,76,195,118,86
34,304,0,29,1373.75,77,195,120,87
35,309,0,28,1345.09,77,199,121,87
36,315,0,24,1332.1,78,204,121,90
37,333,0,24,1315.4,78,207,121,90
38,340,0,21,1285.21,78,210,121,92
39,350,0,20,1268.75,78,215,123,93
40,365,0,20,1249.16,80,217,124,93
41,370,0,22,1221.5,80,217,124,94
42,378,0,23,1205.17,81,223,124,94
43,388,0,20,1187.14,81,225,126,97
44,405,0,21,1162.61,81,225,128,98
45,413,0,18,1136.95,81,231,128,101
46,425,0,19,1113.25,81,234,128,101
47,434,0,17,1087.38,81,240,128,101
48,439,0,16,1063.59,81,246,128,101
49,444,0,17,1043.9,82,248,129,101
50,452,0,17,1018.82,82,252,129,101
51,464,0,18,1000.21,84,254,129,101
52,472,0,16,978.17,85,260,131,101
53,480,0,17,963.54,86,264,132,102
54,483,0,19,938.96,86,269,133,102
55,492,0,16,919.95,86,272,136,104
56,496,0,13,897.61,87,277,137,107
57,507,0,13,867.61,87,284,138,107
58,516,0,11,847.04,88,289,138,109
59,518,0,13,825.34,88,299,141,109
60,528,0,12,810.93,89,306,142,109
61,524,0,11,797.96,89,315,144,109
62,537,0,11,780.7,89,317,145,109
63,543,0,10,771.7,89,322,147,110
64,550,0,10,752.74,89,327,149,110
65,562,0,9,737.35,89,331,149,112
66,570,0,11,710.82,91,334,150,112
67,572,0,10,687.96,92,342,150,113
68,582,0,9,673.58,94,350,150,115
69,589,0,10,657.09,95,358,151,115
70,596,0,10,631.55,97,361,152,115
71,599,0,11,622.86,99,368,154,115
72,606,0,15,609.9,99,373,155,115
73,620,0,17,598.58,99,378,156,115
74,631,0,18,585.73,99,381,157,115
75,635,0,20,581.63,100,389,157,115
76,645,0,21,556.47,101,394,158,115
77,654,0,23,543.85,102,400,158,115
78,661,0,23,522.71,102,401,159,115
79,667,0,26,503.94,103,408,161,116
80,671,0,25,486.92,104,419,163,117
81,678,0,29,471.68,105,424,164,117
82,691,0,28,453.29,106,428,164,119
83,693,0,29,440.7,107,435,164,120
84,698,0,30,426.73,108,443,165,121
85,709,0,34,417.7,111,448,165,121
86,713,0,33,410.29,114,455,165,123
87,718,0,32,398.17,117,460,166,126
88,723,0,32,390.74,120,464,167,127
89,729,0,32,379.47,120,473,168,128
90,729,0,36,363.73,123,481,168,128
91,732,0,35,357.66,125,486,168,129
92,744,0,42,353.63,125,489,169,130
93,747,0,46,336.51,126,495,169,132
94,747,0,43,336.37,128,503,170,132
95,745,0,45,323.72,130,511,170,134
96,752,0,48,309.92,134,515,171,137
97,750,0,49,303.98,136,524,171,137
98,751,0,46,300.79,137,534,171,138
99,750,0,46,286.48,141,539,172,141
100,745,0,41,285.09,142,551,176,142
101,756,0,43,277.01,144,553,177,144
102,752,0,46,268.45,146,564,178,146
103,749,0,44,268.72,148,571,179,148
104,754,0,42,264.41,149,577,180,151
105,755,0,48,257.15,151,583,180,154
106,764,0,44,249.69,152,587,181,159
107,764,0,44,247.43,153,593,186,165
108,757,0,46,246.16,156,603,187,166
109,754,0,48,240.84,157,611,196,169
110,749,0,51,240.36,161,617,199,172
111,742,0,52,242.08,164,629,202,176
112,736,0,55,238.08,165,638,205,177
113,729,0,56,238.7,170,649,205,177
114,726,0,56,245.15,172,659,206,177
115,722,0,55,245.02,177,664,208,178
116,722,0,53,250.56,179,668,213,183
117,724,0,51,254.72,179,674,217,184
118,718,0,50,257.39,182,686,219,184
119,720,0,50,263.75,185,691,220,188
120,713,0,50,264.69,189,703,222,191
121,705,0,49,262.25,194,712,228,194
122,708,0,48,267.49,195,718,231,197
123,712,0,50,268.54,199,721,233,198
124,704,0,55,268.56,202,732,237,199
125,708,0,59,267.75,203,735,238,200
126,712,0,70,268.52,203,738,241,200
127,712,0,69,270.69,207,743,245,202
128,707,0,73,271.57,209,751,248,202
129,701,0,78,267.93,214,757,252,204
130,698,0,80,270.46,214,767,257,208
131,691,0,79,280.39,218,776,262,208
132,690,0,76,283.08,220,786,265,210
133,681,0,82,284.61,225,793,269,212
134,665,0,83,287.62,229,800,277,215
135,661,0,80,286.08,233,808,281,216
136,655,0,74,289.39,236,820,285,217
137,652,0,68,294.23,238,827,292,218
138,645,0,69,300.07,239,838,292,221
139,633,0,73,300.46,244,849,297,225
140,630,0,72,307.66,246,853,302,231
141,632,0,75,306.89,250,855,305,231
142,630,0,80,304.08,250,867,308,232
143,619,0,76,308.46,256,880,315,236
144,610,0,77,313.44,258,893,320,242
145,608,0,81,319.59,261,898,324,245
146,606,0,83,313.87,261,909,327,246
147,609,0,80,321.44,264,917,330,252
148,605,0,86,323.59,267,922,334,252
149,598,0,83,320.85,272,932,337,253
150,595,0,79,329.31,277,939,342,255
151,586,0,77,337.39,281,948,348,258
152,579,0,79,339.38,283,955,353,261
153,573,0,74,342.18,286,963,357,267
154,571,0,73,344,288,970,366,269
155,562,0,71,344.52,290,976,375,272
156,564,0,74,346.93,290,980,379,276
157,559,0,82,345.9,291,988,385,277
158,560,0,85,354.05,296,991,386,282
159,557,0,79,359.11,300,997,392,288
160,546,0,80,360.44,306,1004,395,290
161,545,0,80,368.15,310,1009,399,292
162,540,0,84,377.25,316,1016,402,296
163,534,0,76,384.26,320,1029,406,297
164,534,0,77,389.51,325,1031,408,298
165,527,0,76,394.2,328,1041,417,300
166,518,0,77,402.02,332,1050,423,301
167,509,0,78,411.08,337,1061,427,302
168,506,0,83,413.89,341,1064,432,304
169,505,0,88,418.66,341,1075,437,304
170,499,0,86,421.23,343,1082,447,308
171,489,0,83,423.08,351,1089,452,310
172,485,0,84,434.82,355,1097,459,315
173,479,0,84,439.11,362,1105,462,316
174,474,0,84,442.1,363,1116,466,317
175,472,0,87,450.56,366,1124,468,318
176,472,0,86,450.31,370,1129,472,324
177,468,0,91,453.52,375,1136,475,325
178,467,0,101,453.23,378,1144,478,325
179,467,0,102,453.56,383,1154,486,327
180,469,0,103,457.69,386,1160,489,327
181,469,0,104,458.26,389,1165,493,328
182,465,0,94,457.28,394,1173,502,332
183,461,0,89,462.28,396,1183,504,336
184,460,0,91,464.66,397,1191,510,337
185,459,0,89,473.1,401,1198,511,339
186,453,0,85,473.3,404,1211,513,342
187,451,0,83,486.38,407,1217,516,347
188,450,0,70,491.82,408,1230,520,350
189,443,0,70,492.03,411,1240,524,353
190,439,0,73,496.79,415,1244,528,356
191,439,0,75,492.66,419,1249,532,359
192,446,0,79,498.8,419,1252,533,365
193,449,0,77,498.16,421,1257,536,369
194,453,0,72,498.18,423,1266,537,373
195,455,0,71,498,427,1275,538,375
196,453,0,74,505.39,429,1279,542,375
197,460,0,74,505.2,431,1285,543,376
198,454,0,72,511.66,433,1292,547,376
199,453,0,68,525.54,434,1301,553,380
200,461,0,71,527.15,435,1303,555,383
201,465,0,68,532.62,440,1307,558,385
202,466,0,63,537.34,442,1316,561,390
203,462,0,61,534.44,448,1324,565,391
204,463,0,62,530.02,449,1330,566,396
205,462,0,62,539.21,450,1341,569,397
206,465,0,62,532.93,453,1346,572,400
207,467,0,61,539.84,457,1350,574,401
208,470,0,60,540.25,461,1358,578,403
209,470,0,59,542.05,463,1366,580,403
210,475,0,59,541.02,466,1373,580,406
211,473,0,56,542.69,468,1381,582,409
212,473,0,56,540.49,469,1385,585,409
213,478,0,54,542.16,470,1388,589,410
214,486,0,52,543,470,1390,589,415
215,492,0,53,534.89,472,1395,591,415
216,497,0,50,532.77,473,1402,596,415
217,501,0,52,535.95,476,1409,598,416
218,502,0,52,535.3,477,1413,601,421
219,508,0,54,529.67,477,1420,605,421
220,511,0,51,520.84,478,1430,607,425
221,506,0,51,522.8,480,1435,609,426
222,514,0,49,522.59,482,1439,609,430
223,517,0,48,514.16,485,1442,613,431
224,524,0,45,509.98,488,1445,615,432
225,527,0,41,513.28,489,1454,616,435
226,526,0,40,507.87,492,1465,618,436
227,528,0,41,499.15,495,1473,621,437
228,533,0,48,491.74,495,1477,623,438
229,538,0,44,492.07,495,1485,625,441
230,541,0,47,486.62,496,1488,626,441
231,546,0,44,488.98,500,1495,626,442
232,553,0,43,483.72,502,1499,627,445
233,557,0,41,471.46,505,1509,629,447
234,555,0,45,464.79,507,1515,631,447
235,565,0,48,457.95,509,1528,632,447
236,571,0,51,458.41,511,1536,633,448
237,572,0,51,450.08,513,1539,633,449
238,572,0,52,450.48,515,1544,638,449
239,571,0,54,439.9,523,1551,639,450
240,578,0,55,433.85,525,1554,642,450
241,589,0,52,424.7,526,1561,644,452
242,595,0,49,419.34,528,1567,648,456
243,596,0,51,416.67,533,1577,648,457
244,598,0,48,404.61,536,1587,652,458
245,607,0,50,402.23,539,1591,654,458
246,615,0,49,392.23,542,1598,657,460
247,625,0,47,389.02,544,1603,657,461
248,628,0,47,382.54,549,1607,657,463
249,625,0,43,372.97,552,1615,661,467
250,629,0,45,365.26,554,1620,661,469
251,641,0,46,359.72,558,1627,664,469
252,635,0,50,350.36,562,1636,666,469
253,631,0,50,336.69,566,1643,671,471
254,633,0,49,338.2,569,1649,676,472
255,640,0,49,333.84,571,1654,677,476
256,636,0,51,322.52,573,1666,679,476
257,644,0,55,324.02,574,1668,681,478
258,639,0,59,321.48,575,1679,685,479
259,643,0,61,322.57,578,1686,687,480
260,644,0,63,311.08,582,1691,687,484
261,649,0,64,305.52,584,1699,689,485
262,661,0,66,300.54,584,1706,690,486
263,658,0,72,298.05,590,1713,693,486
264,661,0,70,297.38,591,1723,696,487
265,658,0,70,296.9,595,1731,698,487
266,659,0,69,289.33,600,1738,703,489
267,659,0,66,289.97,601,1754,704,490
268,667,0,62,281.98,603,1762,704,493
269,663,0,63,276.38,606,1767,707,496
270,660,0,67,269.21,608,1775,709,498
271,657,0,66,266.16,612,1783,711,501
272,653,0,63,266.56,612,1790,716,507
273,653,0,66,263.41,614,1795,718,509
274,653,0,67,264.43,616,1801,721,510
275,650,0,70,263.11,622,1808,724,511
276,646,0,69,265.18,625,1817,727,511
277,649,0,75,261.77,627,1821,733,512
278,643,0,72,262.2,630,1829,738,517
279,641,0,70,255.97,633,1834,742,518
280,635,0,69,254.57,638,1843,743,522
281,622,0,68,256.54,644,1851,749,524
282,614,0,70,261.26,646,1865,751,526
283,621,0,71,257.46,647,1873,755,528
284,621,0,67,255.02,647,1881,760,531
285,616,0,67,254.38,654,1886,761,533
286,618,0,69,261.69,655,1893,763,537
287,621,0,62,265.02,658,1898,767,541
288,618,0,63,271.64,662,1905,770,541
289,618,0,60,273.49,668,1914,770,542
290,622,0,68,279.23,670,1918,775,544
291,619,0,68,277.33,672,1924,780,546
292,623,0,78,281.02,675,1927,784,547
293,624,0,85,282.69,675,1937,787,547
294,624,0,87,284.57,682,1946,791,548
295,626,0,91,289.41,685,1955,793,548
296,622,0,92,293.38,693,1964,796,552
297,621,0,93,293.3,695,1972,800,553
298,617,0,96,298.41,703,1977,801,554
299,613,0,96,301.89,708,1992,802,556
300,611,0,95,307.79,714,2002,803,558
301,612,0,92,307.69,719,2013,804,558
302,604,0,91,310.08,725,2019,807,561
303,600,0,88,313.13,729,2026,812,565
304,600,0,93,319.02,732,2029,813,569
305,593,0,96,326.69,736,2037,815,570
306,589,0,96,329.39,740,2046,818,576
307,587,0,105,327.08,746,2052,821,581
308,586,0,105,325.26,753,2059,823,582
309,581,0,104,327.05,757,2074,825,585
310,573,0,115,336.21,765,2082,828,585
311,566,0,116,341.77,772,2094,831,589
312,566,0,116,348.7,774,2102,835,592
313,560,0,116,348.38,783,2113,838,595
314,561,0,112,358.46,786,2120,842,598
315,558,0,117,363.7,789,2132,845,599
316,551,0,116,367.89,796,2144,848,603
317,543,0,120,372.2,800,2151,852,604
318,549,0,119,375.08,803,2161,852,607
319,543,0,114,382.07,808,2170,859,608
320,539,0,117,382.08,812,2181,863,611
321,539,0,115,393.41,815,2194,867,614
322,531,0,116,395.23,821,2204,872,618
323,525,0,120,394.54,828,2208,879,620
324,520,0,113,395.13,832,2218,883,627
325,512,0,116,398.89,837,2231,886,629
326,512,0,114,402.69,840,2238,889,635
327,511,0,112,405.54,844,2251,889,639
328,516,0,114,405.62,847,2260,891,639
329,505,0,114,406.93,858,2270,897,643
330,497,0,119,411.54,864,2279,903,644
331,496,0,120,405.05,870,2289,904,646
332,486,0,124,409.75,873,2301,910,648
333,483,0,129,409.9,875,2308,914,650
334,488,0,128,415.34,877,2316,916,653
335,493,0,126,417.59,882,2326,919,655
336,498,0,120,421.16,883,2333,919,660
337,491,0,122,419.05,889,2342,926,661
338,486,0,123,421.52,897,2352,929,663
339,486,0,113,427.03,900,2363,933,671
340,485,0,112,428.21,907,2372,937,674
341,479,0,118,429.7,913,2379,942,676
342,480,0,121,434.26,917,2385,945,679
343,483,0,121,435.44,921,2398,945,680
344,485,0,115,441.28,923,2408,949,685
345,483,0,110,447.2,928,2414,953,688
346,488,0,103,448.48,932,2426,956,693
347,484,0,100,449.51,936,2432,958,697
348,478,0,96,456.18,943,2442,962,703
349,478,0,96,463.26,948,2453,963,703
350,473,0,86,464.31,956,2468,964,706
351,471,0,91,462.03,957,2478,965,708
352,471,0,100,467.38,960,2482,968,710
353,465,0,93,473.03,970,2496,970,710
354,464,0,90,478.44,975,2501,974,714
355,462,0,89,484.08,980,2509,977,716
356,460,0,81,482.77,981,2516,982,722
357,462,0,87,482.34,982,2523,984,722
358,466,0,83,487.16,984,2528,987,725
359,468,0,77,483.38,987,2537,992,726
360,470,0,80,486.25,989,2543,995,726
361,472,0,78,486.89,996,2548,997,728
362,466,0,76,488.54,1001,2559,1000,731
363,462,0,75,492.82,1004,2569,1004,733
364,461,0,78,494.15,1007,2579,1007,736
365,461,0,71,489.38,1009,2586,1010,742
366,457,0,73,488.03,1014,2590,1012,744
367,466,0,73,490.57,1015,2597,1014,745
368,460,0,79,497.54,1018,2605,1020,746
369,462,0,75,496.87,1021,2612,1021,749
370,464,0,70,502.33,1024,2622,1021,752
371,466,0,69,497.93,1026,2629,1022,755
372,459,0,72,494.77,1031,2635,1026,756
373,464,0,66,499.62,1034,2646,1030,757
374,461,0,64,501.69,1035,2654,1035,758
375,463,0,65,496.56,1037,2658,1035,760
376,469,0,68,497.87,1041,2661,1035,762
377,472,0,74,509.97,1041,2665,1036,762
378,473,0,73,505.49,1045,2671,1037,766
379,482,0,71,508.72,1048,2675,1037,767
380,495,0,76,507.2,1050,2679,1042,769
381,496,0,74,504.44,1054,2684,1045,772
382,505,0,75,501.69,1055,2692,1046,777
383,503,0,71,501.16,1063,2699,1047,780
384,508,0,68,491.75,1068,2706,1048,781
385,503,0,63,491.84,1073,2712,1049,784
386,501,0,64,489.05,1080,2721,1050,785
387,502,0,70,482.16,1084,2726,1054,786
388,509,0,70,480.74,1086,2732,1055,787
389,514,0,82,476.49,1087,2736,1057,788
390,520,0,81,477.33,1091,2744,1058,790
391,516,0,83,474.67,1095,2748,1062,793
392,521,0,84,471.61,1096,2752,1065,794
393,518,0,82,471.62,1101,2761,1070,795
394,512,0,81,473.8,1109,2769,1073,797
395,523,0,77,472.89,1109,2779,1075,797
396,528,0,70,471.84,1113,2789,1075,800
397,529,0,70,470.1,1118,2796,1077,800
398,536,0,66,467.9,1121,2806,1079,802
399,538,0,67,469.74,1126,2813,1079,802
400,548,0,67,461.97,1129,2819,1083,803
401,548,0,67,456.1,1131,2825,1084,805
402,548,0,70,449.02,1136,2831,1086,807
403,549,0,69,447.1,1141,2840,1088,810
404,544,0,73,447.82,1146,2847,1092,811
405,550,0,77,444.57,1146,2853,1095,813
406,559,0,80,438.92,1148,2855,1098,814
407,557,0,81,434.92,1150,2859,1100,815
408,558,0,81,425.61,1153,2869,1103,820
409,552,0,81,425.64,1155,2884,1104,822
410,550,0,80,424.15,1159,2892,1105,823
411,551,0,78,421.79,1162,2903,1107,824
412,557,0,74,423.26,1166,2910,1110,826
413,559,0,69,413.82,1167,2923,1112,829
414,557,0,65,407.51,1170,2938,1112,832
415,553,0,67,405.74,1172,2946,1116,833
416,560,0,68,402.25,1174,2952,1116,834
417,565,0,66,406.15,1178,2959,1116,836
418,568,0,65,406.87,1180,2967,1121,837
419,568,0,57,405.05,1181,2979,1123,844
420,570,0,54,406.92,1183,2986,1126,847
421,572,0,53,411.2,1185,2993,1127,848
422,578,0,54,408.11,1186,3002,1127,849
423,582,0,54,402.75,1187,3006,1132,850
424,586,0,59,406.44,1188,3012,1135,851
425,587,0,57,400.3,1189,3017,1138,852
426,590,0,52,394.21,1189,3025,1141,856
427,598,0,52,398.59,1190,3029,1142,859
428,604,0,50,394.9,1192,3037,1143,861
429,605,0,51,383.15,1196,3041,1145,864
430,607,0,46,377.36,1201,3048,1146,867
431,613,0,46,371.1,1204,3051,1147,867
432,612,0,46,369,1209,3059,1150,868
433,612,0,48,362.92,1212,3066,1151,869
434,619,0,51,358.77,1214,3069,1152,872
435,622,0,53,353.26,1217,3075,1155,873
436,630,0,52,349.52,1219,3078,1157,875
437,635,0,51,343.36,1222,3083,1159,878
438,636,0,54,344.36,1225,3092,1162,880
439,636,0,56,347.25,1229,3101,1164,881
440,639,0,59,340.2,1230,3110,1167,882
441,642,0,63,337.69,1233,3117,1168,882
442,642,0,65,341.74,1236,3125,1170,883
443,644,0,65,341.34,1238,3128,1176,885
444,643,0,69,342.92,1240,3135,1178,885
445,642,0,70,343.87,1246,3146,1179,885
446,640,0,66,345.79,1248,3153,1184,888
447,653,0,60,339.21,1248,3162,1187,889
448,660,0,65,333.13,1252,3170,1189,891
449,661,0,67,328.72,1257,3179,1190,892
450,667,0,68,327.43,1261,3193,1191,892
451,670,0,68,328.49,1264,3203,1192,894
452,666,0,66,326.31,1267,3210,1195,897
453,665,0,64,330.15,1269,3220,1196,898
454,660,0,63,333.79,1271,3230,1201,900
455,656,0,69,323.51,1275,3237,1203,903
456,653,0,77,324.59,1277,3242,1206,905
457,645,0,80,324,1280,3256,1209,908
458,635,0,85,325.39,1284,3266,1211,910
459,626,0,87,323.57,1287,3279,1214,913
460,630,0,89,330.61,1289,3288,1216,913
461,628,0,93,324.61,1292,3294,1219,914
462,629,0,94,329.33,1298,3299,1220,918
463,626,0,93,333.97,1302,3311,1221,922
464,612,0,88,329.8,1307,3324,1226,927
465,616,0,86,326.89,1310,3329,1227,928
466,610,0,84,329.39,1314,3336,1230,928
467,602,0,88,332.08,1319,3341,1233,931
468,601,0,91,332.95,1322,3348,1235,934
469,587,0,88,330.34,1331,3358,1238,939
470,580,0,91,323.87,1333,3364,1245,944
471,575,0,92,329.02,1335,3374,1250,947
472,579,0,90,334.61,1339,3379,1252,950
473,582,0,90,345.56,1341,3382,1257,954
474,581,0,96,345.89,1344,3389,1260,955
475,576,0,103,347.75,1351,3400,1264,958
476,573,0,108,352.82,1357,3411,1267,958
477,562,0,111,350.34,1364,3419,1274,962
478,555,0,111,362.62,1371,3431,1276,962
479,544,0,109,360.13,1376,3445,1286,962
480,541,0,108,365.52,1381,3458,1290,963
481,539,0,113,370.23,1386,3461,1292,967
482,536,0,114,374.41,1390,3470,1293,972
483,538,0,108,374.36,1394,3479,1296,973
484,542,0,99,382.69,1398,3487,1300,982
485,541,0,99,376.57,1405,3491,1302,984
486,538,0,107,379.25,1408,3498,1304,987
487,532,0,113,382.49,1412,3509,1311,988
488,533,0,117,383.57,1417,3521,1313,993
489,533,0,112,393.05,1421,3531,1315,997
490,533,0,108,393.26,1424,3541,1319,1001
491,539,0,111,398.18,1425,3549,1319,1003
492,540,0,111,405,1426,3559,1325,1006
493,533,0,111,406.08,1434,3569,1331,1007
494,522,0,113,408.41,1440,3574,1337,1010
495,524,0,115,414,1444,3585,1339,1011
496,526,0,109,412.85,1446,3595,1340,1014
497,521,0,109,410.89,1448,3606,1345,1014
498,520,0,104,412.62,1452,3618,1346,1016
499,516,0,112,411.02,1457,3625,1348,1018
500,511,0,110,414.26,1466,3639,1352,1021
501,514,0,101,416.02,1472,3654,1354,1024
502,515,0,102,422.11,1474,3661,1359,1025
503,515,0,99,421.51,1478,3673,1361,1025
504,519,0,96,419.66,1480,3682,1361,1026
505,518,0,85,416.16,1482,3693,1365,1031
506,516,0,82,418.03,1485,3704,1367,1035
507,520,0,77,417.41,1491,3707,1367,1038
508,520,0,75,415.82,1496,3716,1372,1041
509,518,0,73,419.89,1500,3725,1375,1044
510,516,0,74,424,1503,3738,1378,1044
511,521,0,75,419.64,1507,3748,1381,1046
512,522,0,78,420.08,1509,3756,1383,1047
513,522,0,73,421.36,1512,3764,1389,1053
514,514,0,69,420.59,1513,3772,1394,1057
515,512,0,62,425.43,1517,3780,1397,1059
516,512,0,63,427.77,1519,3782,1401,1060
517,520,0,61,429.57,1522,3788,1401,1060
518,536,0,58,428.39,1523,3794,1402,1061
519,530,0,60,427.07,1527,3802,1406,1063
520,532,0,57,425.77,1530,3804,1410,1065
521,533,0,58,425.89,1532,3812,1413,1065
522,533,0,59,426.89,1533,3821,1417,1065
523,534,0,63,423.8,1533,3827,1418,1067
524,539,0,58,425.51,1534,3833,1421,1072
525,545,0,55,417.44,1537,3841,1425,1076
526,547,0,49,417.36,1539,3850,1427,1082
527,551,0,43,414.1,1539,3863,1432,1085
528,553,0,43,418.85,1540,3867,1436,1086
529,556,0,45,414.02,1540,3875,1441,1086
530,555,0,42,416.66,1542,3886,1442,1087
531,556,0,39,412.98,1544,3894,1444,1089
532,554,0,38,415.28,1548,3899,1446,1092
533,554,0,39,412.59,1550,3901,1453,1093
534,564,0,42,407.34,1552,3904,1454,1093
535,554,0,41,401.33,1553,3921,1457,1094
536,560,0,41,405.7,1553,3926,1463,1096
537,561,0,40,401.28,1554,3938,1465,1099
538,568,0,42,397.1,1557,3940,1467,1099
539,574,0,40,394.59,1558,3944,1469,1102
540,572,0,42,395.69,1562,3950,1470,1102
541,582,0,45,392.11,1563,3955,1472,1102
542,582,0,46,392.21,1564,3964,1475,1103
543,584,0,46,383.89,1565,3966,1476,1104
544,589,0,47,382.66,1568,3971,1478,1104
545,596,0,44,379,1569,3976,1480,1105
546,599,0,41,372.02,1570,3984,1483,1106
547,595,0,42,368.59,1571,3992,1490,1107
548,607,0,42,367.66,1572,3998,1490,1108
549,611,0,37,365.34,1576,4008,1492,1110
550,614,0,37,364.08,1576,4015,1494,1112
551,618,0,39,357.48,1578,4020,1497,1112
552,617,0,39,351.69,1580,4026,1501,1114
553,612,0,37,353,1582,4032,1504,1115
554,618,0,35,342.64,1582,4040,1507,1115
555,622,0,32,337.61,1584,4047,1508,1117
556,617,0,32,336.26,1585,4053,1511,1117
557,619,0,31,323,1585,4055,1518,1119
558,616,0,33,327.79,1587,4063,1520,1119
559,614,0,31,333.08,1589,4070,1523,1120
560,622,0,29,333.59,1590,4074,1525,1120
561,621,0,27,328.08,1592,4086,1526,1122
562,625,0,28,327.46,1593,4090,1530,1124
563,631,0,30,320.43,1594,4099,1533,1124
564,635,0,27,322.97,1595,4110,1534,1125
565,634,0,27,321.23,1596,4117,1536,1125
566,633,0,29,323.7,1597,4120,1539,1126
567,637,0,30,322,1601,4127,1541,1127
568,635,0,30,325,1602,4135,1547,1127
569,639,0,31,320.46,1602,4139,1550,1128
570,639,0,33,321.77,1605,4147,1554,1128
571,640,0,34,326.51,1606,4154,1555,1128
572,642,0,33,327.39,1608,4159,1558,1129
573,646,0,29,330.16,1612,4166,1558,1130
574,656,0,27,330.16,1612,4170,1561,1131
575,657,0,31,324.85,1612,4179,1563,1131
576,655,0,37,326.28,1613,4188,1566,1131
577,656,0,37,327.9,1615,4195,1570,1131
578,662,0,37,327.98,1615,4196,1573,1131
579,658,0,39,321.77,1617,4203,1574,1131
580,651,0,45,318.38,1621,4208,1578,1131
581,653,0,51,315.2,1623,4209,1581,1132
582,655,0,57,307.57,1625,4215,1583,1132
583,655,0,59,312.34,1625,4222,1587,1134
584,662,0,62,301.7,1627,4226,1589,1134
585,657,0,64,309.51,1631,4230,1595,1134
586,651,0,61,308.95,1633,4247,1599,1138
587,654,0,59,311.66,1635,4254,1603,1138
588,659,0,61,311.8,1637,4258,1610,1139
589,664,0,57,306.82,1643,4264,1612,1142
590,660,0,52,308.74,1645,4271,1617,1145
591,659,0,50,310.75,1650,4285,1617,1145
592,648,0,52,310.44,1655,4296,1620,1146
593,653,0,50,309.57,1657,4305,1624,1147
594,656,0,51,307.49,1658,4311,1626,1149
595,656,0,51,316.77,1660,4317,1627,1149
596,652,0,53,313.07,1665,4322,1629,1152
597,657,0,56,314.61,1665,4327,1634,1153
598,655,0,55,315.97,1669,4333,1638,1154
599,655,0,54,322.05,1671,4337,1642,1155
600,647,0,49,327.52,1675,4343,1648,1159
601,633,0,48,325.92,1679,4353,1652,1160
602,630,0,50,325.98,1680,4361,1656,1162
603,630,0,53,327.07,1681,4367,1660,1163
604,626,0,55,332.08,1682,4378,1665,1165
605,631,0,52,336.15,1683,4382,1670,1170
606,623,0,50,337.51,1687,4390,1673,1171
607,636,0,46,341.25,1689,4397,1675,1175
608,629,0,50,340.57,1690,4405,1684,1175
609,631,0,51,338.41,1690,4411,1688,1176
610,624,0,50,344.46,1696,4420,1693,1181
611,623,0,48,341.89,1699,4428,1694,1184
612,616,0,53,344.52,1699,4442,1698,1184
613,609,0,55,340.28,1703,4448,1701,1185
614,610,0,56,339.05,1705,4456,1705,1186
615,603,0,59,338.87,1710,4467,1712,1186
616,605,0,60,336.23,1713,4473,1715,1187
617,601,0,56,338.79,1714,4479,1719,1191
618,598,0,55,343.56,1717,4485,1724,1194
619,592,0,59,344.23,1720,4493,1726,1196
620,586,0,51,353.67,1724,4508,1727,1196
621,587,0,49,357.7,1727,4512,1733,1197
622,587,0,43,357.74,1730,4520,1735,1200
623,588,0,45,355.34,1733,4525,1741,1201
624,580,0,45,357.33,1734,4535,1750,1202
625,575,0,47,364.66,1736,4547,1753,1202
626,565,0,47,360.38,1738,4558,1760,1202
627,568,0,50,363.85,1738,4561,1762,1203
628,567,0,50,369.64,1739,4568,1764,1205
629,560,0,53,366.57,1746,4574,1769,1206
630,563,0,52,367.69,1747,4578,1773,1208
631,551,0,50,367.33,1752,4586,1781,1209
632,553,0,56,372.21,1754,4590,1786,1209
633,553,0,55,368.8,1757,4597,1786,1209
634,550,0,59,370.72,1760,4603,1791,1209
635,553,0,62,369.03,1762,4607,1793,1209
636,548,0,66,366.74,1764,4615,1798,1209
637,541,0,62,367.69,1767,4627,1802,1211
638,538,0,68,368.44,1769,4636,1806,1214
639,537,0,64,368.74,1771,4643,1811,1216
640,537,0,63,365.54,1774,4652,1813,1218
641,537,0,59,367.36,1783,4659,1814,1221
642,532,0,53,368.51,1787,4669,1820,1223
643,527,0,50,376.41,1790,4676,1824,1225
644,527,0,49,380.2,1794,4685,1827,1225
645,527,0,51,383.1,1795,4689,1834,1227
646,526,0,50,388.15,1798,4693,1837,1231
647,528,0,51,393.28,1800,4700,1839,1231
648,528,0,54,404.57,1801,4707,1844,1233
649,528,0,58,406.18,1804,4711,1849,1234
650,534,0,61,401.89,1805,4715,1850,1235
651,531,0,60,397.08,1807,4722,1855,1237
652,522,0,60,397.82,1813,4730,1857,1244
653,525,0,55,401.54,1816,4740,1859,1244
654,526,0,49,402.92,1818,4751,1862,1246
655,531,0,46,401.43,1821,4759,1863,1247
656,540,0,50,404.38,1821,4762,1864,1247
657,539,0,52,404.59,1824,4763,1869,1247
658,543,0,54,399.36,1826,4771,1873,1248
659,544,0,49,399.13,1828,4777,1877,1250
660,539,0,48,399.9,1832,4786,1883,1250
661,537,0,46,409.03,1835,4792,1886,1253
662,540,0,46,407.89,1836,4800,1887,1257
663,542,0,44,409.28,1837,4808,1890,1261
664,543,0,40,410.9,1838,4819,1894,1264
665,543,0,40,413.87,1843,4826,1899,1265
666,547,0,41,413.34,1844,4829,1902,1267
667,549,0,42,414.66,1844,4832,1905,1269
668,559,0,46,410.82,1845,4835,1907,1269
669,556,0,51,411.77,1846,4840,1909,1269
670,550,0,54,399.79,1850,4851,1910,1271
671,548,0,51,400.82,1854,4857,1915,1271
672,553,0,48,398.03,1857,4862,1920,1271
673,556,0,52,392.39,1857,4868,1923,1271
674,554,0,51,396.92,1858,4878,1927,1273
675,555,0,51,389.98,1861,4884,1928,1275
676,558,0,52,386.11,1863,4894,1929,1277
677,561,0,55,381.07,1864,4905,1930,1277
678,569,0,59,375.02,1868,4907,1930,1278
679,566,0,57,377.97,1870,4914,1934,1280
680,570,0,57,377.25,1870,4919,1936,1281
681,574,0,61,375.07,1871,4926,1940,1281
682,580,0,59,378.33,1873,4934,1941,1282
683,577,0,54,368.28,1879,4942,1943,1285
684,565,0,49,374.9,1886,4951,1948,1288
685,567,0,51,376.84,1889,4954,1949,1288
686,562,0,49,372.77,1892,4962,1956,1289
687,565,0,50,366.74,1894,4967,1960,1290
688,569,0,50,360.84,1895,4972,1965,1290
689,569,0,52,368.44,1899,4976,1965,1290
690,561,0,55,367.03,1901,4983,1969,1293
691,566,0,58,363.97,1904,4987,1970,1296
692,561,0,59,366.3,1909,4998,1970,1299
693,567,0,65,366.74,1914,5000,1972,1299
694,568,0,69,363.92,1917,5009,1975,1299
695,565,0,60,372.59,1921,5024,1977,1303
696,563,0,70,375.54,1925,5026,1984,1303
697,567,0,65,372.07,1927,5036,1986,1307
698,580,0,62,379.05,1927,5041,1986,1307
699,578,0,60,372.36,1928,5053,1990,1307
700,577,0,58,371.16,1930,5062,1994,1310
701,577,0,57,369.49,1932,5069,1998,1312
702,575,0,54,366.11,1935,5078,2003,1314
703,585,0,57,367.28,1937,5084,2003,1314
704,582,0,62,365.92,1940,5090,2009,1316
705,586,0,53,371.15,1942,5104,2009,1317
706,587,0,53,366.1,1945,5110,2012,1319
707,597,0,48,362.11,1947,5116,2016,1322
708,598,0,44,364.11,1949,5118,2019,1326
709,596,0,45,359.46,1954,5123,2022,1327
710,604,0,38,359.02,1956,5133,2024,1330
711,602,0,39,353.02,1956,5141,2026,1331
712,604,0,38,356.77,1957,5149,2028,1331
713,607,0,38,348.1,1958,5154,2032,1332
714,612,0,38,342.82,1960,5164,2035,1332
715,614,0,40,332.95,1964,5174,2036,1333
716,614,0,44,331.74,1967,5182,2039,1333
717,610,0,42,332.54,1970,5192,2039,1335
718,612,0,38,328.07,1971,5202,2041,1336
719,604,0,43,323.66,1972,5211,2045,1336
720,600,0,45,327.7,1973,5223,2048,1339
721,594,0,46,331.52,1977,5229,2050,1340
722,588,0,48,335.07,1982,5236,2056,1341
723,592,0,51,331.46,1983,5241,2060,1342
724,587,0,51,333.77,1985,5245,2064,1343
725,593,0,51,325.07,1988,5250,2064,1345
726,587,0,51,331.39,1991,5257,2066,1346
727,595,0,52,331.51,1991,5261,2069,1346
728,600,0,51,334.54,1992,5266,2072,1346
729,600,0,54,333.26,1993,5271,2077,1348
730,604,0,55,332.48,1999,5277,2078,1351
731,606,0,59,338.34,2002,5285,2078,1352
732,605,0,69,328.33,2008,5290,2079,1352
733,607,0,74,333.43,2009,5295,2080,1353
734,614,0,75,331.21,2011,5300,2080,1357
735,611,0,76,324.9,2013,5309,2081,1358
736,614,0,77,329.34,2017,5318,2083,1360
737,622,0,83,338.25,2019,5322,2084,1361
738,615,0,83,333.89,2024,5328,2093,1363
739,613,0,80,338.77,2026,5339,2098,1365
740,612,0,81,337.84,2028,5344,2102,1366
741,612,0,82,339.1,2030,5352,2107,1366
742,614,0,79,332.38,2031,5360,2110,1367
743,618,0,81,328.2,2036,5368,2111,1369
744,618,0,79,324.07,2041,5375,2113,1374
745,620,0,79,323.8,2041,5385,2116,1377
746,623,0,74,319.43,2043,5398,2118,1381
747,629,0,79,320.07,2046,5402,2119,1382
748,632,0,83,326.02,2049,5408,2120,1385
749,624,0,82,324.39,2055,5416,2121,1388
750,611,0,90,321.9,2064,5429,2124,1390
751,612,0,88,331.74,2066,5436,2131,1394
752,607,0,84,332.26,2069,5448,2133,1397
753,605,0,80,334.59,2072,5457,2138,1399
754,597,0,80,336.25,2081,5463,2142,1401
755,598,0,79,334.66,2085,5472,2145,1404
756,588,0,82,337.62,2093,5479,2149,1404
757,584,0,85,342.67,2099,5484,2153,1404
758,587,0,87,348.72,2102,5493,2154,1407
759,583,0,87,349.85,2104,5506,2157,1410
760,580,0,80,349.46,2111,5516,2162,1414
761,573,0,82,359.05,2114,5520,2168,1417
762,571,0,84,355.34,2115,5532,2172,1419
763,568,0,90,361.03,2121,5541,2172,1420
764,577,0,89,360.44,2123,5549,2173,1423
765,580,0,89,362.08,2124,5554,2180,1424
766,582,0,88,359.31,2127,5561,2182,1425
767,582,0,91,357.44,2131,5568,2183,1426
768,582,0,91,351.38,2138,5574,2185,1428
769,575,0,86,355.38,2139,5587,2190,1433
770,574,0,84,355.77,2144,5594,2196,1435
771,574,0,85,363.2,2146,5600,2198,1436
772,566,0,83,357.87,2149,5612,2201,1440
773,569,0,79,363.87,2150,5621,2203,1445
774,567,0,86,362.66,2152,5627,2206,1449
775,564,0,97,370.69,2157,5632,2208,1453
776,565,0,102,369.85,2161,5640,2209,1457
777,552,0,96,368.69,2164,5655,2214,1461
778,555,0,98,371,2171,5662,2215,1462
779,558,0,99,373.75,2174,5669,2217,1464
780,566,0,99,373.49,2176,5672,2217,1466
781,564,0,106,377.25,2180,5682,2217,1466
782,565,0,102,379.41,2181,5687,2222,1469
783,574,0,95,386.74,2184,5697,2223,1471
784,568,0,91,379.84,2189,5709,2227,1475
785,569,0,90,381.26,2190,5718,2230,1477
786,566,0,88,383.41,2194,5726,2236,1481
787,568,0,85,386.05,2197,5735,2236,1484
788,561,0,86,382.41,2203,5746,2241,1488
789,559,0,81,390.66,2206,5757,2243,1494
790,558,0,72,396.59,2208,5768,2248,1500
791,557,0,73,392.2,2211,5777,2250,1500
792,554,0,67,394.8,2215,5785,2255,1504
793,556,0,66,401.26,2215,5791,2258,1506
794,556,0,65,407.62,2218,5799,2262,1508
795,555,0,61,409.66,2220,5805,2264,1513
796,553,0,62,406.02,2224,5809,2267,1514
797,552,0,61,407.62,2227,5815,2271,1514
798,558,0,59,408.84,2229,5821,2275,1516
799,551,0,56,406.84,2236,5828,2277,1516
800,557,0,53,409.11,2236,5832,2279,1520
801,558,0,52,414.05,2238,5840,2283,1522
802,561,0,59,419.25,2243,5845,2287,1524
803,562,0,56,414.7,2245,5846,2290,1529
804,562,0,61,404.87,2249,5851,2295,1529
805,555,0,69,405.56,2251,5860,2296,1532
806,561,0,72,395.2,2253,5864,2299,1533
807,560,0,74,402.26,2256,5872,2302,1533
808,557,0,81,396.95,2259,5880,2304,1533
809,560,0,79,390.08,2263,5886,2306,1533
810,552,0,75,384.66,2269,5896,2309,1534
811,561,0,73,384.95,2271,5899,2317,1535
812,555,0,72,383.33,2274,5913,2320,1535
813,553,0,76,380,2277,5918,2322,1535
814,558,0,77,381.41,2277,5925,2323,1535
815,555,0,78,381.3,2282,5932,2328,1538
816,551,0,74,381.03,2284,5944,2331,1546
817,551,0,74,385.75,2286,5955,2333,1546
818,552,0,71,392,2288,5962,2334,1551
819,555,0,66,382.28,2293,5969,2338,1557
820,558,0,62,385.66,2295,5976,2341,1560
821,561,0,67,383.1,2295,5980,2343,1562
822,567,0,65,380.41,2298,5985,2345,1568
823,569,0,67,370.77,2301,5990,2347,1568
824,571,0,64,368.56,2303,5999,2351,1568
825,574,0,68,365.44,2307,6005,2352,1572
826,582,0,63,368.2,2310,6013,2353,1574
827,582,0,59,369.21,2313,6024,2356,1576
828,583,0,59,363.54,2314,6030,2361,1579
829,583,0,52,366.38,2315,6045,2363,1582
830,587,0,52,368,2316,6048,2367,1584
831,582,0,52,367.48,2320,6062,2371,1584
832,582,0,49,371.16,2322,6073,2373,1586
833,599,0,51,367.18,2324,6077,2376,1586
834,598,0,55,367.05,2326,6085,2378,1587
835,598,0,55,369.52,2329,6092,2381,1588
836,595,0,57,363.46,2330,6101,2383,1589
837,595,0,52,367.74,2333,6108,2386,1590
838,594,0,53,363.64,2334,6115,2390,1590
839,605,0,51,356.69,2337,6122,2394,1591
840,609,0,53,359.95,2339,6128,2395,1592
841,611,0,55,359.97,2340,6133,2399,1594
842,612,0,56,360.92,2342,6143,2400,1594
843,607,0,59,357.77,2347,6146,2405,1594
844,602,0,59,349.49,2351,6154,2408,1594
845,597,0,60,346.75,2355,6161,2415,1595
846,597,0,66,348.54,2361,6168,2415,1595
847,602,0,61,348.39,2363,6178,2415,1598
848,608,0,63,344.79,2365,6183,2418,1603
849,615,0,61,341.8,2367,6192,2418,1604
850,617,0,60,334.97,2370,6199,2422,1605
851,619,0,56,340.02,2371,6208,2427,1606
852,619,0,60,341.33,2373,6213,2431,1607
853,623,0,58,338.21,2376,6223,2432,1608
854,627,0,57,339.64,2377,6227,2434,1611
855,621,0,53,335.7,2380,6238,2435,1615
856,622,0,53,336.57,2382,6249,2436,1617
857,620,0,50,326.79,2384,6257,2439,1619
858,616,0,47,323.75,2387,6267,2442,1621
859,617,0,51,322.46,2391,6272,2447,1622
860,617,0,50,318.18,2394,6275,2450,1625
861,614,0,52,317.08,2398,6283,2454,1625
862,610,0,54,312.3,2404,6291,2457,1627
863,615,0,56,313.03,2406,6297,2460,1628
864,612,0,58,309.54,2408,6307,2461,1628
865,611,0,60,315.07,2414,6312,2468,1629
866,608,0,53,320.43,2418,6320,2471,1634
867,607,0,58,322.33,2421,6325,2475,1635
868,599,0,57,319.77,2423,6336,2479,1635
869,597,0,61,320.16,2427,6340,2481,1635
870,603,0,65,325.15,2429,6344,2483,1636
871,607,0,65,328.43,2431,6348,2484,1637
872,618,0,68,330.1,2431,6353,2485,1637
873,623,0,70,337.11,2432,6362,2489,1641
874,626,0,72,335.57,2435,6368,2492,1642
875,629,0,69,334.72,2437,6376,2494,1643
876,627,0,72,323.41,2441,6385,2498,1646
877,630,0,70,324.08,2444,6398,2502,1648
878,629,0,68,320.41,2446,6407,2506,1648
879,631,0,67,320.3,2449,6413,2510,1649
880,624,0,66,315.1,2451,6424,2515,1650
881,630,0,69,315.38,2452,6426,2518,1654
882,627,0,68,315.26,2456,6432,2520,1658
883,624,0,68,313.74,2457,6445,2524,1659
884,634,0,64,309.23,2458,6454,2529,1662
885,631,0,63,311.98,2461,6463,2530,1664
886,634,0,55,311.52,2463,6477,2532,1667
887,632,0,53,309.23,2467,6480,2534,1671
888,633,0,58,310.07,2467,6484,2537,1674
889,633,0,56,310.9,2470,6490,2544,1676
890,634,0,56,311.34,2470,6502,2548,1680
891,634,0,53,307.28,2471,6510,2552,1683
892,634,0,53,303.8,2472,6516,2553,1683
893,631,0,53,308.41,2475,6520,2555,1686
894,630,0,53,300.07,2476,6528,2560,1687
895,631,0,57,301.43,2476,6532,2569,1690
896,635,0,54,301.49,2479,6539,2570,1692
897,624,0,53,299.67,2483,6552,2575,1694
898,625,0,54,300.48,2487,6554,2578,1695
899,629,0,56,297.15,2488,6561,2581,1695
900,628,0,54,306.16,2492,6567,2583,1698
901,625,0,55,304.79,2494,6575,2587,1700
902,624,0,52,306.48,2498,6584,2588,1704
903,626,0,52,302.69,2501,6591,2590,1705
904,629,0,53,296.3,2503,6597,2592,1706
905,628,0,51,298.95,2508,6604,2593,1707
906,627,0,54,298.93,2511,6612,2599,1707
907,620,0,61,306.34,2516,6621,2601,1710
908,616,0,62,301.93,2518,6627,2609,1712
909,612,0,61,305.33,2521,6633,2612,1715
910,617,0,67,305.39,2523,6639,2615,1716
911,620,0,65,303.85,2526,6649,2617,1716
912,614,0,68,300.07,2531,6655,2621,1717
913,613,0,74,301.03,2535,6662,2626,1717
914,615,0,69,296.57,2539,6673,2627,1720
915,618,0,71,301.95,2540,6679,2630,1721
916,612,0,76,297.89,2542,6687,2636,1723
917,610,0,75,296.66,2546,6694,2639,1725
918,604,0,85,295.34,2552,6704,2640,1726
919,603,0,88,295.28,2558,6712,2643,1727
920,607,0,89,296.44,2561,6716,2644,1727
921,610,0,99,298.54,2566,6722,2646,1731
922,604,0,98,299.67,2574,6733,2650,1734
923,601,0,103,299.8,2578,6738,2656,1736
924,603,0,102,297.8,2583,6751,2658,1738
925,596,0,110,297.7,2592,6763,2662,1738
926,591,0,105,309.07,2596,6777,2665,1740
927,592,0,106,309.18,2599,6788,2669,1742
928,581,0,110,313.89,2606,6795,2673,1744
929,575,0,115,321.84,2612,6801,2677,1745
930,564,0,111,331.82,2620,6814,2684,1750
931,562,0,113,337.25,2628,6819,2686,1751
932,549,0,117,340.93,2634,6828,2691,1754
933,541,0,120,348.13,2639,6835,2692,1756
934,533,0,122,345.07,2643,6852,2694,1757
935,523,0,123,347.82,2647,6866,2697,1761
936,516,0,120,354.75,2653,6880,2700,1762
937,516,0,114,362.93,2657,6894,2703,1765
938,510,0,109,368.75,2665,6901,2706,1771
939,505,0,106,382.1,2670,6908,2707,1776
940,502,0,104,389.75,2676,6920,2710,1776
941,496,0,104,400.05,2682,6927,2710,1782
942,500,0,109,403.54,2682,6932,2710,1784
943,492,0,103,409.07,2688,6938,2713,1789
944,488,0,110,416.74,2692,6943,2716,1790
945,487,0,114,422.03,2694,6948,2720,1794
946,489,0,112,427.8,2697,6957,2722,1798
947,480,0,110,429.48,2700,6970,2730,1799
948,483,0,112,435.66,2704,6976,2735,1802
949,480,0,105,443.61,2710,6983,2735,1808
950,483,0,112,443.28,2712,6989,2736,1809
951,489,0,123,449.52,2714,6999,2739,1809
952,498,0,125,451.36,2716,7007,2742,1810
953,492,0,132,458.03,2723,7012,2743,1811
954,498,0,138,455.49,2728,7016,2743,1812
955,500,0,136,461.51,2732,7020,2745,1816
956,497,0,133,468.3,2734,7030,2748,1821
957,488,0,137,470.97,2740,7039,2750,1821
958,486,0,139,465.89,2744,7046,2752,1830
959,485,0,138,467.33,2746,7059,2755,1833
960,474,0,139,472.95,2750,7071,2760,1836
961,470,0,131,482.08,2753,7085,2761,1840
962,464,0,129,483.62,2761,7093,2764,1845
963,453,0,126,493.41,2768,7106,2766,1848
964,450,0,129,495.75,2775,7112,2768,1854
965,450,0,125,496.97,2782,7119,2770,1858
966,443,0,126,509.38,2790,7127,2771,1864
967,443,0,121,510.9,2794,7137,2774,1870
968,447,0,116,516.7,2799,7148,2776,1876
969,441,0,120,521.39,2804,7158,2781,1878
970,437,0,126,528.59,2810,7167,2783,1880
971,434,0,125,534.67,2812,7178,2785,1884
972,418,0,117,541.93,2820,7197,2790,1889
973,423,0,114,551.69,2824,7203,2792,1892
974,421,0,116,551.21,2826,7212,2794,1895
975,413,0,124,560.48,2832,7221,2796,1895
976,410,0,126,560.97,2840,7225,2802,1897
977,410,0,125,571.44,2845,7234,2804,1900
978,412,0,128,572.21,2848,7242,2805,1904
979,418,0,125,569.56,2852,7246,2808,1907
980,416,0,116,580.72,2858,7254,2811,1913
981,409,0,115,589.36,2861,7270,2816,1914
982,409,0,114,592.18,2863,7281,2817,1916
983,406,0,115,598,2869,7285,2821,1922
984,404,0,106,602.92,2875,7296,2822,1927
985,403,0,105,610.49,2878,7304,2825,1929
986,404,0,98,607.51,2880,7311,2829,1933
987,406,0,99,611.97,2883,7319,2829,1935
988,415,0,93,619.72,2883,7329,2830,1938
989,416,0,90,621.52,2887,7340,2831,1940
990,419,0,91,619.61,2889,7351,2834,1943
991,421,0,82,622.07,2892,7360,2838,1948
992,424,0,79,627.02,2892,7365,2840,1952
993,422,0,79,628.2,2894,7371,2841,1955
994,426,0,83,636.02,2896,7378,2841,1956
995,432,0,88,641.15,2899,7380,2843,1958
996,438,0,87,641.51,2900,7387,2843,1961
997,444,0,84,645.56,2904,7393,2843,1963
998,448,0,92,643.66,2910,7399,2845,1964
999,444,0,88,646.62,2913,7407,2847,1968
