Tick,Bandicoots,Invaders,Foxes,Grass_Health_Index,Total_Bandicoots_Eaten,Trap_Deaths,Old_Age_Deaths,Hunger_Deaths
0,188,0,205,576.49,9,5,0,0
1,176,0,196,579.08,19,15,6,0
2,174,0,197,582.91,28,20,10,1
3,179,0,200,588.49,37,23,14,4
4,173,0,209,598.92,46,27,21,7
5,184,0,208,602.85,50,29,27,9
6,192,0,211,609.35,54,30,32,13
7,197,0,211,616.58,57,30,39,16
8,198,0,217,620.93,64,38,40,20
9,198,0,229,627.06,73,45,43,23
10,219,0,235,631.66,80,47,45,27
11,238,0,233,636.78,83,55,50,30
12,243,0,232,639.49,90,70,54,33
13,258,0,231,640.29,94,75,56,39
14,271,0,230,642.13,99,80,64,43
15,289,0,225,644,107,84,68,52
16,313,0,220,644.79,114,88,74,57
17,321,0,219,644.88,123,94,78,62
18,331,0,211,644.41,131,105,86,70
19,357,0,207,645.86,140,114,89,79
20,381,0,200,645.02,151,120,94,86
21,389,0,198,642.86,164,127,97,93
22,395,0,196,640.26,175,135,100,103
23,413,0,204,635.17,186,140,102,114
24,442,0,208,631.46,190,149,102,125
25,447,0,214,625.82,198,161,103,133
26,468,0,214,620.56,205,173,104,139
27,489,0,213,615.14,219,185,105,148
28,500,0,224,609.65,235,194,106,155
29,522,0,229,602.88,244,203,107,161
30,543,0,235,595.15,262,214,107,166
31,571,0,246,587.93,272,223,107,169
32,584,0,260,580.76,289,232,109,173
33,619,0,259,571.52,302,241,110,183
34,620,0,266,558.05,331,260,112,192
35,638,0,282,547.53,349,281,112,195
36,648,0,294,537.56,380,297,114,200
37,642,0,307,530.44,411,319,115,207
38,636,0,319,522.19,437,337,117,218
39,629,0,334,516.02,468,360,117,228
40,621,0,352,513,505,373,120,238
41,628,0,377,507.69,542,383,120,245
42,611,0,416,504.16,571,398,120,248
43,620,0,435,500.77,598,407,120,257
44,605,0,460,497.12,635,426,122,262
45,598,0,492,494.7,664,441,122,269
46,596,0,514,489.76,692,459,123,277
47,594,0,527,485.99,724,481,124,291
48,591,0,578,484.63,756,495,125,295
49,566,0,612,482.55,795,516,126,306
50,549,0,651,481.8,830,533,126,324
51,523,0,691,480.95,863,553,127,333
52,495,0,717,481.82,904,581,127,346
53,483,0,743,480.69,944,605,130,361
54,459,0,767,479.99,983,635,131,373
55,433,0,793,482.67,1024,657,132,388
56,398,0,822,485.47,1076,682,133,405
57,384,0,837,486.81,1109,702,135,419
58,362,0,880,489.26,1137,723,137,426
59,349,0,883,487.1,1169,759,140,452
60,337,0,893,491.13,1196,791,140,472
61,328,0,914,496.73,1217,818,140,501
62,320,0,930,503.17,1240,839,141,517
63,318,0,939,506.11,1260,856,141,551
64,308,0,944,509.56,1282,876,143,577
65,289,0,937,515.73,1307,906,143,613
66,281,0,932,520.1,1321,932,144,642
67,275,0,940,524.45,1340,961,144,675
68,271,0,941,531.51,1355,985,146,707
69,255,0,947,538.2,1382,1004,146,739
70,252,0,939,543.05,1405,1031,147,772
71,245,0,931,550.09,1421,1051,147,807
72,235,0,926,555.58,1441,1068,148,834
73,215,0,912,564.09,1461,1090,150,876
74,196,0,891,569.68,1483,1106,153,919
75,192,0,873,575.43,1492,1132,153,956
76,183,0,839,582.11,1508,1152,154,1013
77,181,0,822,588.09,1519,1172,155,1048
78,179,0,810,591.95,1532,1182,159,1090
79,171,0,799,597.98,1542,1204,160,1123
80,160,0,792,604.37,1553,1222,161,1153
81,163,0,784,612.08,1564,1237,164,1179
82,148,0,761,619.51,1585,1248,167,1220
83,147,0,742,627.13,1593,1259,169,1257
84,148,0,725,634.62,1603,1271,172,1298
85,148,0,711,642.98,1610,1284,177,1333
86,143,0,695,653.28,1620,1308,178,1369
87,135,0,667,660.1,1631,1320,180,1404
88,125,0,658,665.89,1641,1335,182,1433
89,123,0,649,675.2,1650,1344,184,1460
90,122,0,628,684.41,1656,1357,186,1496
91,117,0,611,691.44,1664,1369,187,1528
92,128,0,592,698.92,1669,1371,191,1556
93,123,0,580,705.51,1677,1382,192,1584
94,124,0,563,712.55,1682,1389,196,1613
95,125,0,547,718.98,1688,1396,198,1641
96,118,0,522,726.59,1697,1405,202,1674
97,116,0,512,733.34,1703,1411,204,1698
98,116,0,507,739.16,1709,1414,206,1725
99,112,0,487,747.58,1718,1422,207,1757
100,105,0,475,755.79,1725,1430,211,1783
101,112,0,454,764.6,1728,1435,215,1817
102,108,0,448,770.51,1742,1442,219,1832
103,113,0,433,776.58,1748,1450,221,1859
104,121,0,426,781.84,1755,1455,222,1885
105,120,0,416,788.37,1757,1460,226,1906
106,123,0,400,795.73,1759,1463,228,1929
107,115,0,389,803.97,1767,1469,232,1947
108,106,0,378,813.57,1777,1473,235,1971
109,101,0,372,820.49,1785,1477,236,1988
110,102,0,358,825.03,1788,1486,236,2006
111,94,0,354,833.04,1797,1492,238,2024
112,95,0,347,841.16,1802,1495,240,2038
113,94,0,335,847.92,1804,1503,241,2057
114,91,0,321,854.6,1811,1509,244,2072
115,95,0,307,861.83,1814,1513,245,2092
116,96,0,295,870.45,1819,1515,246,2114
117,95,0,278,877.22,1820,1519,249,2131
118,95,0,265,883.02,1824,1523,251,2151
119,95,0,251,888.57,1827,1526,251,2173
120,98,0,240,895.03,1829,1527,252,2188
121,99,0,236,901.2,1831,1528,254,2200
122,104,0,227,909.51,1833,1531,255,2213
123,109,0,214,916.19,1835,1533,257,2231
124,111,0,206,921.39,1836,1536,258,2241
125,112,0,198,927.8,1839,1539,258,2256
126,115,0,190,934.95,1842,1539,259,2273
127,119,0,186,939.7,1848,1540,259,2285
128,123,0,179,947.14,1850,1543,260,2294
129,127,0,176,951.92,1854,1546,260,2303
130,124,0,172,956.05,1859,1548,261,2317
131,119,0,165,961.66,1863,1550,263,2326
132,120,0,165,967.49,1866,1553,264,2333
133,125,0,158,971.93,1868,1555,265,2341
134,123,0,157,976.95,1875,1560,267,2349
135,125,0,158,982.33,1880,1560,269,2356
136,128,0,146,986.31,1883,1563,270,2370
137,129,0,144,989.27,1884,1568,270,2378
138,131,0,145,992.49,1888,1570,270,2386
139,130,0,143,996.28,1892,1572,272,2391
140,122,0,144,1001.83,1897,1574,272,2403
141,126,0,143,1005.5,1898,1577,272,2412
142,125,0,139,1008.46,1902,1580,274,2421
143,125,0,139,1011.53,1906,1584,274,2427
144,128,0,147,1014.67,1909,1587,274,2432
145,137,0,145,1018.3,1910,1591,275,2440
146,136,0,149,1019.21,1913,1596,277,2444
147,141,0,144,1020.79,1916,1597,278,2454
148,139,0,150,1022.44,1920,1600,278,2458
149,148,0,153,1025,1922,1600,278,2467
150,154,0,148,1027.67,1926,1602,278,2478
151,159,0,150,1028.38,1933,1604,278,2479
152,165,0,155,1030.8,1935,1605,278,2486
153,173,0,155,1032.07,1939,1608,278,2492
154,183,0,158,1033.77,1939,1611,278,2497
155,185,0,157,1034.49,1942,1612,278,2507
156,182,0,149,1035.37,1949,1616,280,2520
157,186,0,148,1035.89,1955,1622,280,2527
158,181,0,153,1034.66,1962,1625,281,2530
159,199,0,152,1033.98,1969,1626,281,2539
160,208,0,155,1033.61,1971,1633,281,2544
161,221,0,160,1031.68,1974,1636,281,2550
162,227,0,157,1031.79,1977,1644,281,2554
163,233,0,154,1032.74,1980,1651,281,2565
164,244,0,149,1030.97,1984,1655,281,2574
165,251,0,151,1029.26,1989,1660,282,2580
166,264,0,152,1026.72,1993,1663,282,2587
167,275,0,154,1023.98,2000,1664,282,2595
168,280,0,159,1021.84,2009,1666,282,2599
169,287,0,166,1016.53,2015,1670,283,2602
170,294,0,158,1013.39,2023,1677,284,2611
171,309,0,159,1012.32,2028,1683,284,2617
172,317,0,153,1010.3,2030,1688,285,2624
173,320,0,149,1006.7,2041,1694,288,2629
174,337,0,148,1003.42,2048,1701,288,2635
175,339,0,147,998.66,2056,1709,289,2644
176,342,0,142,995.09,2070,1718,289,2654
177,339,0,142,988.98,2082,1722,290,2657
178,348,0,157,984.29,2092,1726,291,2663
179,343,0,155,979.81,2105,1736,291,2670
180,357,0,153,973.51,2109,1745,292,2678
181,367,0,165,967.61,2120,1752,293,2685
182,381,0,177,961.01,2139,1760,293,2690
183,384,0,187,953.81,2154,1770,294,2698
184,397,0,193,947.51,2168,1779,295,2700
185,398,0,211,940.44,2180,1785,295,2703
186,398,0,222,935.86,2195,1795,295,2710
187,407,0,225,930.44,2209,1808,295,2713
188,405,0,229,925.36,2219,1818,295,2716
189,408,0,235,919.23,2235,1825,295,2718
190,409,0,234,912.95,2251,1838,295,2727
191,417,0,243,906.68,2268,1846,296,2733
192,419,0,250,899.94,2287,1849,296,2737
193,435,0,253,891.51,2296,1859,296,2752
194,447,0,263,883.69,2310,1871,296,2757
195,459,0,281,875.51,2325,1881,298,2759
196,472,0,290,867.56,2336,1893,298,2773
197,483,0,301,858.6,2354,1905,298,2784
198,482,0,300,850.62,2372,1919,298,2794
199,496,0,322,840.83,2380,1933,298,2799
200,499,0,326,830.83,2396,1949,298,2814
201,504,0,335,820.48,2411,1967,298,2822
202,517,0,348,811.41,2427,1981,298,2830
203,527,0,365,801.21,2440,1996,299,2834
204,535,0,375,793.67,2453,2012,299,2844
205,547,0,387,786.63,2477,2025,299,2854
206,564,0,384,779.08,2493,2037,299,2870
207,570,0,391,771.7,2504,2052,302,2883
208,581,0,392,764.13,2521,2071,303,2892
209,585,0,406,756.39,2535,2088,304,2905
210,585,0,405,746.43,2554,2101,304,2920
211,590,0,419,736.53,2572,2117,304,2936
212,618,0,413,728.08,2588,2129,307,2958
213,614,0,427,718.67,2610,2147,307,2964
214,633,0,436,710.63,2630,2164,307,2983
215,632,0,445,702.81,2651,2186,309,2999
216,639,0,453,696.97,2671,2208,311,3011
217,643,0,445,691.31,2690,2228,313,3031
218,633,0,446,686.53,2710,2247,315,3052
219,635,0,461,681.35,2735,2271,315,3063
220,616,0,467,676.86,2768,2296,315,3076
221,614,0,478,670.7,2792,2309,315,3090
222,607,0,481,663.4,2819,2324,315,3108
223,585,0,484,658.62,2852,2349,316,3128
224,580,0,479,654.76,2881,2362,318,3146
225,588,0,498,649.32,2899,2380,318,3158
226,576,0,500,645.36,2926,2400,319,3179
227,571,0,512,642.25,2955,2406,321,3197
228,554,0,535,636.87,2991,2423,321,3209
229,531,0,558,633.47,3024,2440,321,3233
230,525,0,574,630.09,3050,2455,324,3253
231,510,0,598,629.18,3082,2477,326,3270
232,508,0,599,625.92,3107,2496,329,3290
233,500,0,624,624.65,3131,2515,331,3307
234,486,0,650,623.89,3161,2530,332,3327
235,479,0,649,620.22,3184,2548,336,3351
236,457,0,673,616.72,3213,2561,336,3379
237,447,0,701,615.45,3240,2575,337,3396
238,421,0,711,614.33,3272,2596,338,3418
239,412,0,751,611.98,3298,2611,338,3437
240,397,0,765,610.48,3330,2629,340,3454
241,370,0,799,610.45,3366,2644,340,3476
242,348,0,827,612.27,3394,2664,341,3491
243,331,0,847,614.61,3415,2681,342,3512
244,304,0,866,617.53,3450,2700,342,3543
245,297,0,896,619.29,3478,2716,343,3567
246,282,0,914,623.25,3503,2738,344,3600
247,272,0,931,626.95,3528,2753,344,3613
248,251,0,941,630.08,3554,2774,345,3649
249,240,0,931,634.73,3576,2790,349,3684
250,227,0,938,637.58,3593,2815,351,3713
251,207,0,937,643.11,3613,2845,351,3738
252,193,0,947,649.43,3626,2863,352,3773
253,177,0,956,655.98,3639,2882,357,3810
254,172,0,938,662.91,3652,2897,359,3855
255,164,0,940,670.36,3665,2913,359,3884
256,157,0,934,677.13,3676,2933,360,3924
257,150,0,933,684.43,3685,2953,362,3961
258,145,0,933,690.43,3696,2969,365,3997
259,137,0,918,697.35,3705,2986,367,4038
260,141,0,893,705.35,3711,3002,370,4093
261,133,0,871,712.3,3720,3021,373,4141
262,125,0,846,719.23,3728,3039,374,4172
263,115,0,805,725.73,3736,3053,376,4219
264,114,0,792,734.04,3744,3063,378,4259
265,112,0,772,742.33,3749,3076,383,4296
266,109,0,740,749.28,3756,3094,384,4339
267,106,0,706,755.74,3764,3107,386,4389
268,100,0,666,761.93,3770,3123,390,4439
269,100,0,641,770.4,3779,3133,392,4471
270,95,0,622,780.05,3785,3145,395,4502
271,92,0,585,787.61,3788,3157,397,4546
272,92,0,541,794.07,3795,3164,400,4596
273,86,0,509,801.72,3803,3174,403,4634
274,83,0,477,808.78,3810,3177,406,4671
275,79,0,441,813.93,3815,3184,409,4709
276,80,0,425,820.87,3819,3189,411,4738
277,82,0,406,827.36,3822,3200,414,4756
278,86,0,402,833.93,3824,3207,419,4772
279,91,0,372,841.39,3827,3218,424,4800
280,87,0,354,846.52,3829,3225,426,4823
281,81,0,337,852.24,3836,3231,428,4849
282,80,0,312,858.78,3842,3235,429,4875
283,74,0,294,867.46,3849,3240,433,4899
284,76,0,279,872.77,3852,3244,437,4914
285,84,0,269,878.64,3852,3247,439,4932
286,80,0,267,884.33,3856,3248,442,4945
287,84,0,250,892.09,3859,3255,443,4963
288,89,0,237,898.65,3860,3259,444,4980
289,86,0,230,904.36,3862,3264,446,4991
290,92,0,226,909.78,3863,3268,449,5001
291,106,0,212,913.73,3864,3273,449,5016
292,113,0,213,917.79,3866,3276,450,5026
293,114,0,201,922.58,3867,3279,450,5047
294,130,0,196,927.83,3868,3281,452,5054
295,142,0,189,930.18,3868,3285,453,5062
296,147,0,181,935.46,3869,3287,454,5076
297,150,0,180,939.88,3872,3289,454,5082
298,159,0,167,945.17,3873,3292,454,5096
299,166,0,160,947.07,3874,3294,455,5107
300,174,0,144,947.11,3875,3299,457,5119
301,190,0,133,949.13,3876,3301,458,5131
302,198,0,125,952.7,3878,3302,460,5140
303,207,0,118,955.93,3883,3308,460,5148
304,223,0,112,957.48,3884,3313,461,5155
305,225,0,108,960.27,3887,3317,461,5167
306,242,0,105,962.53,3889,3320,461,5172
307,256,0,91,962.32,3892,3327,462,5184
308,262,0,88,963.26,3895,3328,462,5194
309,258,0,87,962,3901,3335,462,5199
310,274,0,89,962.48,3904,3337,462,5207
311,279,0,85,963.23,3907,3340,463,5218
312,283,0,88,962.48,3911,3345,463,5220
313,288,0,87,963.26,3914,3350,463,5222
314,287,0,86,964,3917,3355,464,5229
315,290,0,83,965.33,3924,3363,465,5236
316,294,0,77,963.65,3928,3373,468,5242
317,297,0,76,963.03,3935,3375,469,5247
318,304,0,77,961.94,3940,3378,469,5249
319,315,0,80,960.45,3943,3384,469,5255
320,317,0,76,956.35,3950,3393,469,5265
321,311,0,80,956.18,3958,3398,469,5272
322,321,0,82,956.53,3962,3402,469,5275
323,321,0,84,955.5,3969,3405,471,5279
324,331,0,89,954.82,3979,3410,471,5280
325,341,0,91,952.38,3984,3415,472,5288
326,345,0,99,949.41,3990,3426,472,5293
327,352,0,99,947.68,3998,3434,473,5298
328,357,0,107,943.37,4006,3438,473,5300
329,354,0,111,939.31,4016,3447,473,5306
330,363,0,114,935.43,4025,3455,474,5308
331,365,0,122,931.33,4039,3467,474,5311
332,374,0,125,927.12,4051,3471,474,5313
333,370,0,127,922.23,4062,3482,474,5315
334,372,0,128,918.83,4073,3489,474,5318
335,368,0,142,914.37,4084,3502,474,5320
336,379,0,153,911.14,4096,3506,474,5323
337,390,0,160,906.78,4106,3516,474,5324
338,396,0,174,902.42,4111,3524,474,5327
339,398,0,184,899.94,4124,3533,474,5330
340,407,0,196,895.33,4130,3546,474,5336
341,406,0,205,890.67,4145,3559,474,5341
342,413,0,212,885.08,4153,3571,476,5343
343,426,0,214,879.04,4160,3588,476,5352
344,424,0,220,872.02,4169,3598,476,5358
345,434,0,229,867.94,4174,3609,476,5366
346,444,0,239,862.49,4183,3621,476,5377
347,455,0,254,856.73,4194,3629,476,5379
348,457,0,268,851.97,4209,3639,476,5383
349,475,0,279,847.49,4219,3651,476,5386
350,487,0,289,844.53,4231,3659,476,5396
351,502,0,289,837.66,4242,3672,476,5410
352,515,0,296,833.39,4250,3685,476,5416
353,522,0,290,826.99,4261,3700,476,5431
354,516,0,284,818.49,4271,3713,477,5441
355,535,0,287,809.6,4281,3727,477,5451
356,541,0,286,800.98,4293,3740,477,5461
357,536,0,281,795.83,4306,3756,477,5474
358,557,0,282,788.68,4313,3773,478,5489
359,572,0,289,783.12,4323,3786,478,5498
360,579,0,293,775.16,4334,3804,479,5508
361,585,0,298,771.49,4352,3817,479,5529
362,593,0,293,764.88,4369,3832,479,5544
363,588,0,306,756.78,4382,3848,479,5560
364,594,0,311,751.22,4396,3864,479,5569
365,611,0,315,746.35,4411,3872,479,5578
366,630,0,310,739.36,4423,3882,480,5592
367,638,0,306,732.43,4437,3896,481,5605
368,658,0,309,726.48,4451,3905,482,5621
369,663,0,330,719.63,4465,3914,483,5630
370,670,0,332,714.19,4486,3924,483,5647
371,685,0,336,703.16,4498,3934,484,5653
372,691,0,354,693.79,4512,3952,485,5663
373,686,0,364,685.5,4526,3965,485,5679
374,708,0,372,676.82,4540,3983,486,5692
375,710,0,370,669.3,4554,3995,488,5717
376,720,0,368,660.41,4574,4014,488,5733
377,736,0,384,651.53,4590,4031,489,5743
378,746,0,377,641.81,4602,4051,490,5759
379,767,0,376,630.13,4615,4064,492,5777
380,801,0,381,619.83,4623,4088,493,5786
381,806,0,372,609.88,4634,4109,494,5800
382,825,0,374,602.8,4647,4130,494,5814
383,842,0,371,594.75,4660,4152,494,5834
384,866,0,377,587.6,4670,4167,496,5862
385,866,0,375,580.74,4685,4182,497,5882
386,914,0,394,572.06,4695,4193,497,5898
387,930,0,387,562.25,4702,4211,497,5915
388,932,0,385,553.79,4713,4223,498,5939
389,946,0,388,544.78,4728,4237,501,5962
390,953,0,394,537.03,4745,4254,502,5978
391,954,0,407,531.06,4766,4266,502,5992
392,961,0,404,527.5,4787,4280,503,6018
393,951,0,405,524.38,4810,4307,504,6027
394,943,0,399,519.68,4834,4321,505,6054
395,927,0,411,517.16,4849,4341,506,6073
396,917,0,429,516.6,4867,4361,507,6086
397,895,0,439,514.21,4887,4376,508,6104
398,881,0,436,512.17,4908,4390,508,6142
399,865,0,433,508.32,4936,4408,512,6168
400,850,0,454,508.74,4958,4420,515,6190
401,836,0,445,506.57,4978,4442,517,6222
402,829,0,457,501.78,4997,4453,517,6246
403,811,0,465,501.27,5020,4467,518,6271
404,802,0,476,501.43,5038,4481,520,6298
405,795,0,475,500.13,5054,4499,522,6323
406,763,0,471,499.44,5075,4515,524,6356
407,757,0,487,498.72,5095,4531,526,6370
408,737,0,519,498.97,5118,4545,529,6387
409,712,0,537,501.47,5139,4560,531,6408
410,704,0,549,504.53,5165,4571,533,6433
411,684,0,558,505.2,5187,4583,534,6458
412,672,0,567,505.08,5208,4595,537,6489
413,676,0,583,503.25,5224,4605,537,6512
414,667,0,593,503.55,5240,4615,540,6543
415,652,0,610,505.92,5261,4629,542,6573
416,651,0,623,508.13,5281,4649,542,6596
417,637,0,632,508.54,5306,4659,543,6625
418,604,0,653,512.3,5337,4674,544,6649
419,595,0,665,516.55,5353,4696,545,6680
420,580,0,709,517.88,5368,4710,545,6699
421,575,0,743,520.55,5382,4723,547,6717
422,552,0,750,523.55,5403,4741,550,6744
423,535,0,751,528.29,5423,4757,553,6775
424,523,0,761,530.88,5439,4768,556,6804
425,505,0,761,532.96,5458,4781,559,6834
426,481,0,768,539.38,5479,4799,560,6861
427,464,0,767,542.09,5499,4825,561,6905
428,454,0,769,546.52,5512,4838,562,6941
429,443,0,782,548.5,5529,4852,565,6967
430,427,0,780,552.18,5547,4868,566,7005
431,421,0,784,557.05,5565,4883,566,7041
432,406,0,792,561.04,5584,4896,566,7063
433,388,0,800,564.93,5603,4910,567,7103
434,378,0,781,569.74,5620,4935,568,7142
435,362,0,759,577.91,5640,4947,571,7199
436,348,0,738,584.01,5653,4967,575,7249
437,335,0,730,590.08,5670,4977,579,7285
438,328,0,728,593.93,5685,4993,584,7312
439,319,0,724,600.63,5702,5011,586,7339
440,312,0,725,607.08,5717,5031,589,7362
441,295,0,716,613.21,5733,5044,592,7398
442,281,0,710,619.43,5752,5057,594,7430
443,270,0,706,625.36,5771,5065,594,7461
444,254,0,691,631.46,5786,5081,596,7496
445,262,0,683,638.48,5792,5091,603,7527
446,258,0,666,643.83,5801,5113,604,7558
447,248,0,663,649.84,5819,5125,607,7585
448,228,0,642,656.76,5842,5142,609,7618
449,221,0,637,664.09,5853,5154,611,7646
450,215,0,614,672.24,5857,5168,612,7684
451,204,0,602,680.76,5873,5179,614,7719
452,201,0,591,689.33,5882,5195,616,7745
453,190,0,591,696.32,5892,5210,617,7768
454,181,0,578,700.75,5903,5219,622,7797
455,177,0,574,709.36,5915,5232,623,7822
456,169,0,567,718.08,5922,5237,628,7854
457,164,0,556,726.61,5929,5250,633,7879
458,147,0,537,734.95,5941,5265,640,7910
459,141,0,527,741.2,5953,5276,641,7933
460,135,0,515,747.86,5961,5287,643,7963
461,131,0,501,755.08,5967,5293,645,7993
462,127,0,490,763.1,5974,5304,645,8019
463,124,0,471,767.93,5982,5314,647,8041
464,119,0,468,772.5,5989,5322,650,8063
465,123,0,467,779.73,5992,5325,653,8084
466,132,0,455,785.14,5999,5332,654,8109
467,131,0,444,791.39,6006,5334,657,8134
468,130,0,428,797.82,6013,5338,659,8159
469,121,0,418,803.53,6023,5345,662,8179
470,122,0,403,811.72,6033,5357,665,8202
471,122,0,389,817.79,6043,5361,668,8223
472,123,0,381,823.66,6049,5367,668,8241
473,120,0,371,832.52,6054,5372,670,8263
474,117,0,365,839.43,6057,5379,671,8280
475,118,0,358,844.86,6064,5386,671,8304
476,116,0,345,851.5,6071,5393,676,8322
477,117,0,336,857.08,6077,5398,677,8343
478,115,0,336,859.96,6082,5404,679,8352
479,117,0,319,865.65,6090,5412,683,8377
480,114,0,310,871.4,6097,5420,689,8395
481,109,0,303,875.15,6108,5424,690,8410
482,109,0,307,877.69,6119,5430,690,8421
483,111,0,304,882.39,6121,5436,690,8428
484,114,0,301,885.36,6127,5443,690,8442
485,111,0,302,888.26,6135,5449,692,8458
486,112,0,288,893.86,6142,5460,692,8471
487,105,0,289,896.9,6150,5467,693,8480
488,105,0,283,900.7,6158,5476,693,8493
489,110,0,291,903.4,6164,5483,693,8506
490,106,0,284,905.46,6172,5492,694,8522
491,108,0,282,908.24,6176,5498,696,8530
492,117,0,278,909.43,6178,5504,698,8542
493,129,0,263,910.81,6179,5511,700,8557
494,138,0,256,911.66,6182,5518,700,8570
495,140,0,253,913.3,6185,5523,700,8584
496,150,0,257,916.07,6188,5529,701,8589
497,166,0,248,915.63,6190,5530,701,8606
498,175,0,240,914.26,6197,5536,704,8615
499,190,0,232,913.65,6203,5544,704,8626
500,197,0,217,913.08,6208,5551,704,8641
501,200,0,222,910.1,6213,5562,705,8647
502,204,0,209,909.78,6220,5569,708,8658
503,212,0,198,908.85,6223,5574,708,8672
504,222,0,184,908.6,6230,5581,709,8693
505,234,0,178,904.85,6239,5590,710,8700
506,247,0,166,901.31,6242,5598,713,8710
507,263,0,153,897.46,6244,5603,716,8722
508,274,0,142,897.41,6249,5611,718,8731
509,300,0,142,895.66,6253,5621,718,8738
510,321,0,134,893.03,6262,5628,720,8750
511,335,0,126,890.89,6271,5636,720,8763
512,343,0,125,887.16,6283,5644,721,8770
513,357,0,119,882.9,6291,5651,721,8775
514,364,0,114,879.87,6295,5662,721,8785
515,363,0,121,875.67,6303,5677,721,8789
516,396,0,117,873.36,6315,5686,722,8797
517,408,0,119,867.99,6325,5698,723,8801
518,418,0,125,863.76,6331,5706,723,8805
519,419,0,126,856.5,6342,5712,723,8813
520,410,0,133,852.02,6357,5726,723,8818
521,428,0,142,845.44,6370,5732,723,8822
522,433,0,146,839.93,6383,5744,723,8824
523,445,0,151,835.16,6401,5753,723,8829
524,467,0,154,826.48,6416,5762,723,8833
525,476,0,159,819.89,6427,5772,725,8838
526,474,0,153,812.61,6439,5791,725,8844
527,495,0,159,807.93,6452,5800,725,8847
528,496,0,166,802.38,6467,5817,727,8848
529,517,0,171,796.13,6474,5832,729,8853
530,535,0,183,789.96,6491,5847,729,8858
531,538,0,200,783.25,6509,5860,729,8861
532,535,0,207,777.76,6528,5871,729,8866
533,542,0,217,774.74,6548,5887,729,8868
534,554,0,219,770.79,6567,5900,730,8870
535,546,0,238,766.84,6596,5913,730,8874
536,526,0,253,762.02,6629,5924,730,8880
537,516,0,268,755.85,6662,5940,730,8886
538,512,0,280,751,6679,5954,730,8889
539,507,0,295,745.02,6702,5960,731,8891
540,519,0,321,741.58,6727,5970,731,8895
541,507,0,354,734.98,6748,5983,731,8897
542,501,0,387,729.56,6773,5990,731,8902
543,513,0,409,725.14,6790,6004,731,8906
544,502,0,423,721.98,6818,6019,732,8914
545,490,0,446,718.17,6847,6034,732,8922
546,492,0,466,713.19,6879,6053,732,8930
547,470,0,486,711.22,6910,6079,733,8938
548,455,0,509,709.41,6933,6099,733,8948
549,437,0,534,709.03,6961,6118,733,8953
550,433,0,562,710.68,6978,6142,734,8967
551,411,0,570,709.46,7002,6174,734,8982
552,415,0,597,709.15,7018,6194,734,8996
553,407,0,610,707.43,7034,6215,734,9007
554,402,0,629,707.77,7054,6228,735,9016
555,398,0,642,705.77,7076,6240,735,9032
556,395,0,652,701.82,7098,6261,735,9049
557,389,0,662,703.95,7110,6282,735,9065
558,397,0,689,701.02,7122,6301,738,9082
559,387,0,704,700.67,7135,6318,740,9094
560,377,0,719,701.77,7147,6329,740,9120
561,368,0,737,701.76,7165,6349,742,9143
562,364,0,732,698.91,7178,6369,743,9173
563,367,0,737,695.75,7194,6395,743,9196
564,366,0,731,693.03,7211,6409,743,9225
565,376,0,728,692.72,7220,6430,744,9258
566,386,0,721,693.79,7231,6448,746,9284
567,383,0,701,697.64,7244,6465,747,9321
568,393,0,683,699.08,7255,6486,750,9356
569,397,0,685,701.19,7268,6504,752,9377
570,395,0,691,701.53,7280,6519,753,9404
571,391,0,679,701.26,7302,6533,756,9431
572,394,0,681,701.9,7318,6544,756,9460
573,403,0,671,701.62,7332,6551,759,9502
574,396,0,657,699.93,7346,6570,760,9528
575,389,0,647,700.13,7363,6586,761,9560
576,392,0,637,699.6,7371,6604,762,9596
577,400,0,613,700.53,7385,6624,762,9627
578,398,0,598,700.08,7401,6634,764,9665
579,394,0,587,698.56,7414,6660,765,9692
580,378,0,575,699.63,7434,6674,767,9724
581,377,0,576,700.98,7455,6688,771,9747
582,372,0,571,702.58,7469,6705,772,9770
583,366,0,576,702.43,7485,6721,774,9795
584,358,0,559,703.56,7508,6728,778,9828
585,349,0,554,704.69,7523,6741,779,9858
586,344,0,554,708.16,7543,6753,781,9884
587,337,0,551,709.03,7559,6762,783,9909
588,342,0,540,712.87,7569,6771,783,9938
589,341,0,547,718.41,7580,6788,786,9953
590,336,0,549,720.62,7597,6802,787,9975
591,321,0,535,724.32,7619,6819,789,10003
592,300,0,549,727.53,7641,6830,791,10021
593,286,0,537,731.33,7659,6846,794,10047
594,262,0,549,734.63,7689,6857,795,10067
595,264,0,550,740.3,7706,6884,797,10088
596,247,0,551,745.6,7729,6900,799,10110
597,240,0,559,749.54,7742,6908,800,10131
598,240,0,546,755.64,7752,6924,801,10156
599,225,0,549,758.52,7762,6939,805,10175
600,216,0,551,763.37,7772,6951,808,10191
601,214,0,554,770.39,7778,6960,808,10221
602,207,0,562,775.91,7786,6967,809,10241
603,202,0,556,782.43,7796,6981,811,10260
604,188,0,538,788.87,7809,6995,814,10289
605,191,0,543,796.68,7815,7003,814,10306
606,192,0,542,801.93,7822,7014,815,10325
607,196,0,539,807.36,7825,7022,817,10350
608,193,0,535,813.78,7835,7028,817,10369
609,186,0,524,819.43,7844,7037,821,10399
610,178,0,520,825.45,7852,7040,823,10430
611,176,0,514,828.98,7860,7046,824,10460
612,168,0,516,833.63,7870,7052,824,10486
613,173,0,517,836.43,7875,7062,824,10506
614,171,0,500,840.18,7879,7071,825,10536
615,177,0,495,841.6,7882,7073,827,10558
616,193,0,464,844.59,7884,7085,830,10590
617,197,0,453,849.02,7890,7090,833,10610
618,194,0,445,851.84,7898,7101,836,10631
619,192,0,427,857.21,7906,7110,837,10653
620,193,0,409,861.17,7911,7119,838,10674
621,187,0,392,864.23,7920,7124,838,10700
622,183,0,375,868.61,7934,7132,840,10721
623,181,0,371,873.81,7941,7144,843,10741
624,177,0,355,879.48,7949,7150,843,10764
625,178,0,351,882.68,7957,7154,844,10787
626,172,0,343,888.38,7963,7160,845,10805
627,182,0,318,893.13,7968,7168,847,10832
628,183,0,304,898.44,7973,7174,849,10859
629,182,0,300,901.12,7978,7178,850,10871
630,189,0,308,903.64,7981,7184,854,10884
631,201,0,299,906.61,7985,7188,856,10901
632,202,0,293,907.28,7988,7194,859,10914
633,209,0,284,908.94,7997,7197,860,10933
634,211,0,291,908.98,8006,7200,861,10939
635,223,0,285,909.76,8012,7206,862,10948
636,226,0,279,912.63,8017,7214,863,10962
637,231,0,282,913.18,8026,7218,863,10975
638,241,0,269,914.3,8033,7222,867,10996
639,245,0,262,914.15,8040,7229,868,11006
640,260,0,256,912.83,8046,7230,869,11026
641,265,0,254,914.26,8054,7238,870,11040
642,263,0,258,917.17,8066,7244,872,11046
643,255,0,250,917.75,8078,7253,875,11061
644,249,0,248,916.83,8089,7259,877,11072
645,258,0,234,918.8,8095,7260,878,11094
646,258,0,240,919.16,8102,7263,881,11102
647,263,0,241,919.12,8108,7269,882,11113
648,262,0,249,917.11,8114,7273,883,11120
649,279,0,247,917.71,8119,7276,884,11134
650,285,0,246,915.48,8128,7282,885,11143
651,296,0,243,914.26,8135,7285,887,11153
652,299,0,237,910.96,8141,7294,888,11167
653,299,0,235,909.18,8153,7299,889,11177
654,309,0,235,905.6,8157,7306,889,11189
655,315,0,232,904.75,8167,7310,889,11201
656,318,0,231,905.31,8174,7318,891,11216
657,327,0,233,903.11,8182,7323,891,11229
658,345,0,238,901.15,8188,7325,892,11242
659,355,0,234,899.27,8196,7329,892,11253
660,361,0,241,896.85,8203,7337,892,11259
661,375,0,236,894.99,8210,7344,893,11272
662,381,0,232,893.24,8217,7351,894,11287
663,393,0,231,889.74,8227,7359,894,11303
664,400,0,232,886.13,8236,7366,896,11313
665,411,0,242,881.46,8246,7370,896,11319
666,425,0,247,877,8258,7376,896,11325
667,424,0,257,872.48,8269,7384,896,11334
668,429,0,253,865.84,8285,7399,897,11343
669,438,0,263,858.06,8297,7409,898,11353
670,433,0,265,852.27,8314,7423,899,11362
671,446,0,279,845.51,8324,7429,899,11372
672,454,0,289,835.83,8333,7439,900,11381
673,463,0,302,827.26,8351,7447,901,11392
674,467,0,308,817.55,8365,7462,902,11404
675,473,0,299,810.03,8374,7481,904,11418
676,476,0,302,802.65,8393,7495,904,11426
677,488,0,311,800.86,8406,7505,905,11436
678,498,0,322,795.15,8416,7509,906,11447
679,503,0,337,789.43,8435,7520,906,11457
680,502,0,359,782.56,8456,7529,906,11464
681,501,0,364,775.89,8469,7542,908,11476
682,508,0,374,769.7,8485,7553,908,11485
683,505,0,381,766.46,8505,7570,911,11498
684,520,0,397,761.33,8521,7577,912,11510
685,537,0,402,756.98,8529,7587,915,11518
686,542,0,413,750.09,8548,7598,915,11539
687,537,0,417,743.9,8572,7613,915,11551
688,529,0,429,737.63,8592,7628,915,11564
689,551,0,436,734.08,8604,7641,915,11576
690,557,0,450,728.33,8623,7654,916,11582
691,564,0,465,722.93,8640,7661,917,11595
692,571,0,483,718.5,8656,7681,917,11605
693,570,0,486,713.38,8674,7694,917,11616
694,557,0,490,711.14,8699,7707,919,11641
695,551,0,489,704.7,8717,7726,920,11660
696,540,0,498,699.42,8731,7747,921,11673
697,538,0,497,695.78,8747,7760,924,11693
698,554,0,498,690.19,8764,7774,926,11712
699,561,0,505,685.21,8780,7782,927,11737
700,559,0,509,682.64,8799,7802,928,11757
701,549,0,516,679.54,8814,7819,929,11781
702,558,0,521,675.56,8827,7835,930,11800
703,561,0,512,669.81,8844,7849,932,11826
704,561,0,505,664.65,8858,7878,932,11848
705,566,0,511,662.38,8873,7888,933,11863
706,584,0,504,657.17,8889,7906,935,11880
707,588,0,496,651.68,8909,7925,936,11903
708,594,0,494,648.58,8921,7944,937,11916
709,607,0,492,645.46,8936,7960,938,11937
710,601,0,499,643.13,8955,7974,939,11961
711,608,0,509,640.88,8966,7983,941,11979
712,602,0,530,636.01,8990,7999,944,11993
713,611,0,537,629.35,9005,8010,945,12018
714,616,0,541,623.66,9018,8029,946,12040
715,608,0,538,619.77,9036,8047,948,12061
716,592,0,532,616.8,9050,8071,951,12084
717,597,0,531,614.41,9063,8085,952,12115
718,606,0,525,612.08,9078,8105,957,12137
719,597,0,506,610.73,9098,8121,958,12163
720,584,0,503,608.38,9117,8137,961,12196
721,599,0,507,607.18,9132,8147,963,12212
722,610,0,509,605.48,9143,8167,963,12233
723,610,0,503,604.17,9156,8188,963,12260
724,609,0,519,603.35,9170,8197,965,12277
725,607,0,505,601.78,9187,8218,967,12299
726,601,0,512,600.77,9208,8239,968,12323
727,590,0,503,599.2,9229,8257,970,12359
728,584,0,507,598.56,9243,8273,971,12387
729,580,0,506,598.23,9256,8288,971,12417
730,574,0,496,600.61,9269,8305,972,12440
731,564,0,493,600.82,9281,8323,974,12463
732,567,0,490,600.04,9295,8336,977,12489
733,566,0,489,600.97,9310,8345,982,12511
734,567,0,504,601.68,9324,8362,982,12525
735,557,0,485,605.37,9339,8383,986,12547
736,548,0,493,607.63,9352,8403,986,12565
737,552,0,489,608.61,9358,8419,988,12587
738,554,0,502,612.29,9368,8435,990,12603
739,556,0,499,615.45,9380,8447,990,12627
740,540,0,513,616.91,9396,8463,990,12648
741,533,0,515,613.1,9412,8474,992,12679
742,527,0,498,613.98,9426,8493,992,12707
743,519,0,496,616.13,9435,8504,993,12736
744,517,0,498,616.07,9443,8514,994,12764
745,525,0,492,615.93,9452,8531,996,12783
746,515,0,482,617.43,9465,8551,999,12805
747,523,0,470,618.25,9475,8563,1001,12833
748,524,0,467,623.16,9483,8579,1003,12857
749,516,0,458,620.39,9498,8589,1004,12889
750,517,0,462,619.84,9508,8601,1004,12900
751,518,0,460,621.28,9519,8615,1005,12927
752,520,0,462,619.74,9528,8628,1005,12954
753,521,0,460,621.38,9537,8641,1005,12983
754,519,0,457,623.42,9548,8653,1006,13007
755,525,0,448,626.17,9560,8665,1008,13038
756,531,0,445,626.82,9568,8677,1008,13062
757,536,0,440,625.29,9577,8686,1009,13076
758,532,0,427,623.98,9595,8703,1014,13099
759,523,0,400,626.55,9605,8721,1014,13133
760,511,0,379,628.36,9622,8737,1015,13159
761,529,0,381,630.37,9629,8751,1017,13179
762,521,0,380,629.68,9642,8767,1018,13200
763,520,0,382,631.65,9649,8780,1018,13217
764,519,0,380,634.47,9661,8795,1019,13237
765,507,0,379,634.36,9680,8811,1019,13255
766,505,0,388,639.12,9692,8828,1019,13274
767,509,0,378,641.32,9700,8840,1020,13303
768,502,0,373,640.68,9711,8852,1021,13328
769,497,0,373,640.74,9723,8869,1022,13347
770,481,0,375,639.04,9739,8885,1023,13367
771,482,0,378,639.06,9750,8902,1024,13381
772,471,0,393,641.03,9765,8919,1027,13393
773,449,0,400,643.74,9791,8929,1030,13413
774,440,0,406,645.85,9810,8944,1031,13422
775,434,0,415,645.91,9825,8958,1035,13436
776,419,0,417,646.09,9843,8973,1036,13456
777,407,0,429,648.5,9861,8981,1039,13468
778,394,0,429,649.84,9878,8999,1039,13488
779,377,0,434,652.1,9897,9013,1040,13504
780,378,0,435,653.52,9914,9024,1041,13523
781,370,0,439,654.69,9928,9037,1042,13553
782,365,0,453,657.69,9946,9046,1042,13565
783,358,0,470,659.25,9963,9055,1043,13583
784,366,0,471,661.33,9972,9068,1045,13601
785,356,0,475,662.22,9986,9078,1047,13614
786,350,0,483,667.63,9997,9092,1049,13627
787,337,0,489,670.04,10007,9106,1051,13654
788,331,0,481,671.78,10018,9121,1052,13672
789,331,0,481,672.97,10025,9137,1054,13692
790,325,0,475,673.85,10034,9156,1057,13715
791,327,0,463,678.9,10043,9171,1059,13731
792,331,0,462,681.77,10052,9180,1060,13749
793,331,0,461,684.73,10060,9186,1062,13767
794,341,0,464,688.27,10071,9197,1066,13787
795,328,0,476,692.17,10085,9209,1066,13805
796,336,0,469,695.51,10093,9216,1067,13831
797,344,0,462,696.48,10099,9234,1068,13848
798,351,0,442,697.15,10109,9246,1068,13877
799,360,0,440,701.36,10119,9257,1068,13896
800,355,0,449,701.31,10130,9270,1069,13915
801,364,0,441,703.59,10144,9277,1072,13934
802,351,0,437,704.53,10167,9294,1075,13957
803,349,0,422,706.87,10178,9308,1076,13978
804,346,0,426,710.41,10189,9317,1077,13994
805,350,0,420,710.83,10205,9326,1077,14011
806,357,0,423,710.08,10219,9338,1078,14022
807,358,0,419,709.75,10233,9349,1079,14042
808,357,0,426,710.78,10247,9364,1079,14056
809,353,0,425,710.33,10267,9371,1079,14079
810,336,0,417,713.31,10291,9379,1084,14105
811,338,0,430,714.75,10305,9392,1084,14114
812,329,0,425,717.46,10325,9407,1085,14136
813,325,0,433,719.59,10341,9418,1088,14148
814,322,0,434,718.47,10356,9429,1091,14166
815,330,0,434,722.37,10373,9440,1092,14186
816,328,0,431,723.92,10393,9452,1095,14197
817,325,0,432,726.16,10408,9461,1097,14215
818,316,0,456,725.69,10425,9474,1097,14226
819,302,0,450,726.36,10445,9489,1102,14247
820,305,0,461,726.39,10454,9507,1103,14258
821,310,0,462,723.83,10464,9519,1103,14271
822,309,0,474,721.78,10479,9533,1104,14286
823,314,0,475,720.68,10492,9551,1104,14301
824,316,0,479,720.04,10505,9561,1107,14317
825,315,0,490,720.72,10518,9568,1108,14338
826,305,0,483,720.37,10539,9586,1109,14355
827,321,0,482,721.1,10549,9596,1111,14370
828,326,0,485,723.42,10568,9606,1112,14389
829,317,0,484,723.47,10580,9619,1113,14412
830,307,0,491,723.63,10595,9635,1113,14429
831,304,0,495,724.67,10613,9646,1114,14444
832,297,0,497,724.84,10632,9657,1115,14458
833,301,0,496,726.13,10642,9673,1116,14482
834,313,0,476,724.73,10651,9685,1119,14508
835,323,0,477,724.27,10663,9697,1120,14520
836,323,0,482,727.18,10680,9708,1120,14533
837,326,0,472,726.28,10689,9724,1120,14560
838,342,0,473,729.02,10703,9736,1122,14578
839,338,0,460,732.12,10726,9749,1125,14600
840,326,0,464,733.31,10744,9757,1126,14618
841,325,0,477,732.83,10757,9767,1127,14636
842,328,0,491,733.08,10770,9775,1129,14655
843,322,0,479,733.35,10784,9787,1129,14679
844,324,0,482,735.73,10800,9799,1132,14694
845,307,0,483,736.6,10821,9814,1134,14715
846,308,0,482,738.78,10835,9823,1134,14730
847,311,0,474,738.99,10846,9839,1135,14747
848,312,0,466,738.73,10860,9853,1135,14773
849,309,0,479,737.66,10880,9867,1136,14780
850,309,0,490,738.74,10893,9883,1137,14797
851,316,0,485,735.43,10906,9893,1137,14821
852,324,0,491,735.67,10916,9906,1137,14835
853,332,0,491,738.55,10929,9923,1137,14854
854,326,0,493,739.98,10945,9947,1137,14872
855,317,0,491,741.84,10962,9964,1142,14894
856,324,0,484,743.82,10972,9981,1144,14918
857,330,0,471,745.08,10984,9993,1146,14944
858,332,0,482,748.03,10996,9999,1148,14956
859,333,0,480,750.24,11008,10012,1149,14972
860,337,0,468,751.28,11020,10028,1151,14989
861,324,0,485,752.51,11035,10037,1155,15000
862,322,0,485,752.8,11053,10048,1156,15017
863,316,0,488,750.84,11068,10056,1158,15036
864,309,0,488,749.65,11089,10068,1158,15059
865,324,0,470,747.62,11100,10083,1159,15084
866,332,0,468,743.83,11112,10093,1160,15099
867,349,0,472,741.5,11123,10105,1160,15121
868,349,0,465,737.16,11135,10115,1160,15143
869,361,0,457,734.23,11144,10128,1162,15166
870,362,0,447,732.82,11157,10137,1164,15186
871,384,0,451,729.79,11165,10150,1164,15201
872,397,0,441,725.21,11176,10169,1164,15222
873,422,0,437,723.55,11187,10181,1166,15243
874,439,0,428,721.48,11195,10194,1168,15264
875,449,0,425,720.71,11210,10206,1169,15279
876,454,0,403,717.05,11224,10221,1171,15309
877,469,0,385,710.04,11242,10237,1173,15328
878,479,0,383,708.3,11257,10243,1174,15343
879,499,0,378,707.71,11270,10256,1176,15362
880,500,0,372,705.93,11285,10271,1177,15376
881,510,0,381,703.93,11305,10287,1178,15390
882,496,0,381,702.34,11329,10301,1179,15412
883,481,0,380,701.75,11349,10315,1179,15431
884,486,0,399,697.26,11363,10325,1180,15451
885,489,0,413,698.31,11392,10344,1181,15459
886,501,0,430,692.25,11411,10351,1184,15474
887,494,0,442,688.67,11428,10361,1186,15485
888,484,0,447,687.83,11447,10375,1186,15497
889,480,0,447,686.83,11461,10386,1188,15517
890,490,0,451,684.36,11471,10397,1190,15531
891,493,0,457,681.29,11492,10405,1191,15549
892,491,0,467,674.37,11506,10420,1194,15563
893,497,0,494,670.98,11524,10430,1195,15578
894,494,0,505,664.73,11546,10438,1201,15593
895,495,0,529,664.21,11558,10450,1201,15605
896,496,0,523,664.46,11575,10468,1201,15632
897,484,0,519,662.97,11596,10489,1202,15647
898,497,0,539,658.96,11610,10500,1202,15665
899,509,0,531,657.56,11626,10514,1202,15692
900,527,0,546,653.41,11640,10523,1203,15717
901,533,0,550,651.63,11663,10543,1204,15745
902,538,0,559,649.12,11676,10560,1205,15762
903,541,0,566,645.13,11692,10574,1206,15778
904,529,0,573,642.89,11709,10595,1209,15790
905,529,0,580,642.04,11724,10621,1209,15809
906,516,0,598,640.09,11750,10637,1210,15825
907,499,0,588,641.23,11777,10655,1210,15849
908,486,0,588,643.13,11805,10675,1211,15881
909,474,0,598,643.43,11827,10690,1213,15896
910,475,0,598,645.36,11844,10702,1213,15924
911,450,0,602,644.88,11869,10722,1216,15951
912,433,0,615,646.41,11893,10740,1217,15967
913,407,0,613,646.57,11919,10755,1219,15994
914,389,0,630,650.72,11940,10769,1220,16016
915,383,0,628,652.62,11954,10786,1222,16052
916,393,0,626,654.33,11970,10795,1227,16079
917,385,0,611,653.49,11983,10816,1227,16109
918,371,0,621,655.38,12003,10827,1228,16139
919,353,0,616,659.24,12027,10844,1230,16166
920,328,0,612,661.59,12056,10857,1230,16201
921,317,0,619,662.01,12069,10867,1232,16231
922,314,0,636,663.98,12089,10886,1234,16249
923,314,0,627,665.37,12103,10902,1234,16277
924,301,0,634,665.68,12120,10918,1235,16292
925,303,0,656,668.41,12130,10928,1236,16311
926,306,0,657,670.83,12143,10940,1238,16337
927,300,0,669,673.27,12159,10957,1238,16355
928,314,0,678,675.83,12171,10968,1240,16381
929,307,0,666,676.14,12185,10981,1241,16415
930,310,0,661,675.99,12194,10999,1241,16447
931,312,0,671,677.51,12208,11008,1244,16471
932,326,0,675,679.72,12219,11020,1246,16494
933,330,0,677,682.83,12228,11033,1247,16526
934,320,0,683,685.19,12244,11047,1247,16546
935,302,0,681,687.61,12262,11063,1249,16572
936,302,0,666,690.78,12274,11077,1249,16602
937,302,0,656,692.64,12292,11089,1250,16633
938,301,0,651,696.63,12303,11104,1251,16655
939,301,0,638,698.48,12315,11121,1252,16682
940,293,0,634,702.23,12324,11139,1253,16715
941,295,0,620,704.6,12333,11157,1254,16740
942,301,0,589,708.14,12345,11169,1257,16776
943,296,0,568,712.91,12359,11186,1264,16807
944,294,0,550,716.32,12374,11195,1270,16831
945,285,0,535,717.54,12395,11200,1270,16870
946,296,0,529,718.27,12411,11206,1271,16909
947,296,0,510,720.05,12428,11213,1273,16939
948,296,0,499,722.48,12440,11222,1273,16971
949,293,0,503,721.68,12456,11238,1274,16997
950,285,0,504,723,12467,11248,1276,17022
951,296,0,513,723.84,12479,11253,1277,17043
952,299,0,516,724.18,12493,11266,1278,17066
953,308,0,513,726.99,12500,11278,1280,17082
954,305,0,513,728.82,12507,11293,1283,17098
955,321,0,508,727.45,12512,11301,1286,17119
956,324,0,504,727.34,12522,11313,1287,17141
957,339,0,516,727.03,12536,11325,1288,17157
958,344,0,511,724.43,12551,11342,1289,17179
959,358,0,518,722.58,12564,11356,1293,17193
960,346,0,518,721.53,12580,11382,1294,17210
961,353,0,510,721.26,12590,11397,1295,17234
962,349,0,516,719.44,12606,11411,1296,17248
963,358,0,510,718.33,12621,11423,1296,17265
964,360,0,496,716.79,12634,11438,1298,17293
965,383,0,486,718.37,12643,11446,1299,17315
966,379,0,469,713.3,12657,11462,1303,17342
967,374,0,452,711.52,12672,11482,1306,17370
968,381,0,444,710.08,12686,11495,1307,17387
969,379,0,439,710.7,12699,11511,1308,17408
970,375,0,434,710.74,12717,11523,1308,17425
971,384,0,427,710.55,12732,11535,1311,17440
972,378,0,418,709.49,12747,11548,1312,17464
973,383,0,418,710.44,12758,11561,1312,17484
974,391,0,412,707.66,12769,11572,1314,17507
975,406,0,407,705.38,12779,11583,1314,17529
976,405,0,397,703.27,12791,11596,1315,17549
977,407,0,392,702.38,12806,11605,1316,17568
978,424,0,393,702.73,12822,11621,1317,17581
979,427,0,392,702.32,12836,11631,1318,17605
980,436,0,395,702.83,12848,11649,1319,17620
981,428,0,387,700.29,12871,11665,1320,17638
982,423,0,388,701.3,12888,11675,1321,17657
983,414,0,387,701.36,12906,11691,1322,17671
984,409,0,392,702.62,12936,11702,1323,17687
985,394,0,392,703.12,12959,11721,1324,17703
986,371,0,406,703,12982,11735,1324,17715
987,365,0,408,703.15,13004,11748,1326,17736
988,350,0,421,707.24,13031,11760,1328,17747
989,346,0,421,707.63,13048,11778,1330,17758
990,333,0,429,711.58,13068,11796,1330,17770
991,323,0,458,712.38,13087,11806,1330,17778
992,321,0,465,714.18,13109,11824,1331,17786
993,330,0,469,715.38,13117,11840,1333,17798
994,321,0,475,716.89,13133,11857,1334,17814
995,302,0,480,719.46,13154,11867,1335,17831
996,289,0,503,721.94,13173,11880,1335,17847
997,278,0,506,724.26,13190,11897,1337,17865
998,277,0,510,725.78,13202,11910,1338,17879
999,285,0,529,727.73,13213,11921,1340,17892
