Tick,Bandicoots,Invaders,Foxes,Grass_Health_Index,Total_Bandicoots_Eaten,Trap_Deaths,Old_Age_Deaths,Hunger_Deaths
0,189,0,206,619.76,13,0,0,0
1,183,0,207,609.54,22,2,5,1
2,178,0,213,601.57,28,2,9,1
3,190,0,210,595.27,31,2,18,2
4,195,0,205,591.62,37,5,25,5
5,195,0,210,586.92,43,5,29,5
6,198,0,215,581,50,6,33,7
7,219,0,204,576.16,52,6,40,13
8,236,0,196,570.49,55,6,49,14
9,248,0,196,562.99,59,6,52,20
10,264,0,193,556.88,63,6,57,25
11,283,0,190,549.24,69,6,60,27
12,308,0,186,542.29,74,6,64,31
13,322,0,183,532.9,80,6,70,34
14,335,0,172,521.96,89,8,76,46
15,351,0,164,512.19,92,9,84,54
16,367,0,158,501.35,97,9,86,60
17,380,0,150,487.45,102,10,90,67
18,388,0,150,474.11,111,10,95,70
19,426,0,142,464.24,115,10,99,78
20,458,0,128,454.4,120,11,107,92
21,493,0,123,441.38,124,12,110,94
22,509,0,124,426.91,132,12,116,98
23,536,0,115,414.47,138,13,117,111
24,585,0,109,400.83,145,13,120,118
25,608,0,103,387.56,152,13,121,126
26,634,0,101,374.33,159,13,121,130
27,650,0,94,360.75,167,13,122,140
28,666,0,94,349.87,175,15,124,145
29,694,0,91,339.42,180,17,124,153
30,710,0,93,330.57,192,18,127,155
31,732,0,97,320.82,199,20,131,159
32,751,0,95,313.64,211,22,133,164
33,762,0,102,303.59,227,23,135,166
34,772,0,103,291.96,239,23,138,170
35,794,0,111,282.19,249,24,140,172
36,809,0,117,275.27,261,25,141,175
37,837,0,122,267.79,270,27,142,179
38,846,0,128,257.2,292,28,142,179
39,850,0,139,247.57,311,28,142,185
40,855,0,145,240.72,337,31,143,189
41,868,0,151,233.54,356,35,144,193
42,875,0,160,226.62,377,37,144,198
43,885,0,167,219.49,402,39,144,205
44,893,0,172,214.58,424,40,148,213
45,885,0,187,206.38,449,41,149,216
46,875,0,199,199.38,471,41,151,226
47,864,0,212,192.25,495,44,153,232
48,862,0,230,189.49,524,45,154,237
49,854,0,248,184.79,549,47,155,247
50,856,0,261,181.01,567,47,156,251
51,844,0,269,176.83,591,49,158,255
52,839,0,291,171.46,612,51,159,262
53,829,0,320,167.94,640,53,161,269
54,810,0,339,163.04,668,56,163,276
55,794,0,362,159.2,696,58,166,282
56,780,0,377,156.86,721,63,168,289
57,770,0,394,153.55,747,64,169,301
58,753,0,411,149.07,777,64,170,311
59,752,0,426,146.64,795,64,174,320
60,738,0,435,143.01,814,67,174,334
61,725,0,453,141.25,837,68,176,344
62,697,0,466,139.86,868,69,176,358
63,690,0,465,139.13,887,69,178,372
64,677,0,485,137.68,907,70,179,382
65,665,0,501,137.78,921,71,179,398
66,646,0,501,136.85,944,72,181,421
67,640,0,503,135.3,963,73,185,444
68,628,0,522,133.37,986,74,187,463
69,607,0,527,131.82,1014,75,190,490
70,604,0,531,130.71,1031,76,191,504
71,588,0,530,128.53,1053,77,197,522
72,568,0,532,127.73,1075,77,200,546
73,557,0,530,127.35,1089,78,202,572
74,525,0,541,128.47,1114,81,203,594
75,507,0,536,128.89,1134,83,203,623
76,491,0,532,127.92,1155,83,204,647
77,470,0,531,128.48,1178,83,208,663
78,461,0,519,129.95,1192,84,209,693
79,442,0,508,130.63,1215,85,212,719
80,430,0,506,132.25,1228,86,213,742
81,417,0,502,132.74,1247,86,216,764
82,393,0,491,134.88,1269,88,221,796
83,378,0,480,137.25,1283,88,223,833
84,364,0,479,139.42,1297,88,226,853
85,347,0,468,141.83,1313,91,230,880
86,339,0,457,144.33,1323,93,233,906
87,331,0,454,146.96,1335,94,234,925
88,325,0,445,149.32,1342,94,237,951
89,328,0,435,151.5,1346,95,239,974
90,318,0,437,153.9,1355,96,240,988
91,311,0,419,156.43,1365,98,243,1007
92,298,0,407,158.95,1374,98,244,1028
93,282,0,393,161.31,1387,101,248,1045
94,275,0,377,164.44,1396,102,251,1067
95,264,0,368,166.9,1406,103,251,1091
96,253,0,352,170.45,1410,104,253,1118
97,245,0,333,173.28,1416,104,259,1138
98,239,0,314,175.45,1421,107,265,1161
99,236,0,300,178.35,1425,107,268,1186
100,223,0,296,181.31,1432,109,269,1206
101,215,0,287,184.34,1436,110,272,1224
102,209,0,270,187.44,1443,111,278,1248
103,204,0,261,190.42,1449,111,279,1266
104,198,0,246,193.36,1455,112,281,1291
105,190,0,236,195.71,1459,113,285,1303
106,186,0,223,197.88,1465,115,291,1311
107,188,0,220,200.71,1467,115,292,1319
108,183,0,211,203.67,1470,116,297,1333
109,180,0,200,206.32,1471,116,300,1348
110,178,0,190,207.84,1476,116,301,1362
111,176,0,183,209.12,1478,116,301,1373
112,171,0,174,210.75,1479,116,303,1384
113,172,0,164,214.01,1479,116,304,1398
114,170,0,154,216.74,1484,116,308,1411
115,172,0,148,219.52,1487,116,309,1418
116,164,0,134,222.31,1491,116,312,1434
117,164,0,124,224.95,1492,116,313,1445
118,158,0,115,227.07,1495,116,317,1457
119,158,0,108,229.24,1495,117,318,1468
120,166,0,101,231.83,1495,117,318,1478
121,161,0,95,233.67,1497,117,319,1488
122,156,0,89,235.39,1500,117,321,1498
123,159,0,83,237.82,1500,117,322,1509
124,160,0,77,241.05,1502,118,324,1516
125,160,0,73,240.92,1505,118,325,1520
126,161,0,71,242.87,1505,118,325,1526
127,164,0,64,245.29,1506,119,329,1532
128,161,0,62,247.29,1507,120,330,1537
129,168,0,57,248.98,1508,120,331,1542
130,170,0,54,250.05,1508,120,331,1547
131,173,0,50,251.72,1509,121,332,1553
132,174,0,46,253.98,1510,121,334,1556
133,176,0,41,253.81,1510,121,335,1561
134,184,0,38,255.77,1510,121,335,1565
135,183,0,33,256.87,1510,121,336,1571
136,185,0,34,257.33,1510,122,337,1574
137,187,0,28,258.19,1511,123,340,1580
138,192,0,21,259.37,1512,123,341,1587
139,200,0,20,260.09,1512,123,342,1588
140,200,0,20,261.33,1512,123,344,1592
141,204,0,19,262.76,1512,124,347,1593
142,205,0,16,263.04,1513,124,348,1597
143,212,0,14,261.87,1513,124,351,1600
144,216,0,11,262.29,1514,124,352,1603
145,225,0,10,262.4,1514,124,352,1607
146,233,0,9,261.83,1514,124,352,1609
147,238,0,8,261.1,1514,124,355,1610
148,250,0,6,260.71,1514,124,355,1614
149,261,0,5,260.69,1515,124,356,1614
150,278,0,3,259.51,1515,124,357,1617
151,283,0,3,259.06,1516,124,358,1618
152,286,0,3,259.9,1516,124,361,1618
153,295,0,3,258.51,1516,124,361,1618
154,314,0,2,257.18,1516,124,361,1620
155,323,0,3,254.9,1516,124,362,1620
156,338,0,5,253.18,1516,124,362,1620
157,362,0,5,251.4,1516,124,362,1621
158,376,0,5,250.16,1517,124,364,1622
159,387,0,5,245.4,1519,124,366,1623
160,401,0,6,241,1519,125,366,1625
161,413,0,7,237.68,1519,125,366,1627
162,422,0,7,234.58,1519,126,366,1628
163,441,0,7,229.17,1519,126,366,1629
164,444,0,7,223.48,1519,126,368,1631
165,459,0,7,219.03,1519,126,370,1633
166,473,0,7,214.69,1520,127,370,1634
167,494,0,8,211.89,1522,128,371,1636
168,532,0,7,210.18,1522,128,371,1638
169,552,0,7,205.17,1522,128,371,1639
170,565,0,6,203.04,1523,128,373,1645
171,581,0,8,199.89,1523,128,373,1646
172,594,0,8,196.62,1524,129,373,1649
173,626,0,8,192.94,1524,129,373,1649
174,650,0,10,188.29,1524,131,374,1649
175,659,0,10,185.52,1525,131,374,1652
176,664,0,10,182.1,1526,132,375,1658
177,676,0,10,178.23,1528,134,375,1663
178,697,0,10,173.88,1528,134,377,1665
179,706,0,10,170,1529,136,378,1670
180,723,0,10,166.24,1530,136,380,1671
181,736,0,10,162.64,1531,138,380,1672
182,756,0,12,160.53,1531,138,381,1674
183,768,0,12,157.3,1531,139,382,1676
184,787,0,12,154.46,1531,139,383,1678
185,788,0,11,150.82,1531,139,385,1683
186,801,0,11,147.93,1531,140,388,1686
187,817,0,13,146.52,1532,140,389,1694
188,827,0,12,143.44,1532,140,389,1698
189,838,0,11,139.74,1532,143,389,1704
190,865,0,12,136.78,1533,144,390,1709
191,864,0,12,133.79,1535,146,391,1714
192,866,0,12,130.9,1536,146,395,1720
193,867,0,14,128.62,1536,148,396,1728
194,883,0,13,126.61,1539,148,397,1734
195,894,0,17,124.2,1542,149,398,1738
196,897,0,16,122.75,1543,149,401,1743
197,907,0,17,120.76,1545,149,401,1749
198,904,0,18,118.69,1549,151,401,1756
199,921,0,20,116.32,1549,152,401,1764
200,931,0,21,114.57,1551,153,402,1767
201,942,0,22,111.89,1555,156,402,1774
202,951,0,25,110.42,1560,156,403,1778
203,969,0,26,109.64,1561,156,403,1785
204,980,0,25,108.17,1564,156,405,1788
205,989,0,26,106.4,1565,159,408,1793
206,999,0,27,103.88,1567,164,409,1801
207,1000,0,28,102.62,1570,166,410,1807
208,1004,0,28,101.89,1574,167,411,1816
209,1017,0,30,100.79,1578,168,411,1821
210,1013,0,35,99.42,1584,169,414,1834
211,1011,0,34,98.24,1587,169,418,1842
212,1023,0,38,96.78,1591,170,422,1846
213,1030,0,41,95.01,1595,172,422,1854
214,1034,0,42,92.32,1598,174,422,1866
215,1031,0,43,90.83,1600,174,423,1879
216,1031,0,44,90.74,1604,177,424,1889
217,1018,0,47,89.36,1609,178,430,1900
218,1015,0,47,87.98,1618,178,430,1906
219,1020,0,47,87.2,1623,180,433,1915
220,1019,0,51,86.37,1632,181,436,1924
221,998,0,57,84.85,1646,182,438,1939
222,996,0,64,83.93,1656,182,438,1949
223,989,0,70,83.5,1665,183,441,1962
224,974,0,78,83.45,1674,184,444,1971
225,959,0,83,82.81,1679,186,445,1984
226,955,0,90,80.89,1686,188,450,1992
227,943,0,103,79.34,1696,189,451,2005
228,926,0,114,77.93,1710,191,454,2015
229,909,0,120,78.32,1720,192,456,2029
230,899,0,126,78.46,1730,194,457,2040
231,890,0,130,79.38,1737,194,463,2047
232,883,0,142,77.88,1747,194,463,2058
233,878,0,150,77.87,1757,195,463,2064
234,873,0,159,78.47,1763,195,465,2075
235,859,0,160,79.07,1780,196,466,2091
236,848,0,166,77.65,1791,197,471,2101
237,837,0,174,77.48,1806,198,474,2112
238,832,0,180,76.31,1816,200,476,2122
239,829,0,186,77.16,1821,201,478,2136
240,818,0,192,75.89,1835,201,479,2149
241,802,0,195,75.88,1852,202,481,2165
242,789,0,202,76.32,1860,202,486,2179
243,783,0,210,75.92,1869,206,491,2186
244,762,0,213,76.19,1883,209,498,2196
245,749,0,214,76.66,1898,209,503,2207
246,739,0,218,77.45,1911,209,504,2221
247,726,0,222,78.92,1924,210,506,2235
248,718,0,222,78.88,1935,210,508,2249
249,711,0,231,79.64,1939,210,509,2261
250,696,0,236,80.28,1953,210,513,2273
251,677,0,238,81.04,1967,210,521,2292
252,668,0,243,81.91,1977,211,525,2306
253,654,0,244,81.93,1986,214,527,2321
254,658,0,245,82.96,1992,214,535,2327
255,638,0,245,83.94,2005,214,539,2343
256,625,0,240,84.5,2012,214,544,2360
257,614,0,252,84.48,2023,214,547,2374
258,607,0,256,84.84,2033,214,553,2386
259,598,0,256,85.37,2045,215,555,2396
260,587,0,256,86.03,2057,217,559,2413
261,579,0,253,86.57,2066,219,564,2432
262,567,0,252,86.79,2071,220,572,2445
263,555,0,244,88.81,2080,221,575,2460
264,544,0,247,89.58,2088,221,582,2475
265,524,0,238,89.34,2097,221,591,2497
266,510,0,236,90.7,2107,222,595,2515
267,502,0,233,91.29,2112,222,598,2529
268,498,0,234,92.76,2117,223,602,2540
269,478,0,239,93.32,2129,226,607,2552
270,471,0,239,94.58,2138,226,613,2562
271,456,0,232,96.17,2148,226,625,2583
272,441,0,226,98.22,2156,227,628,2605
273,432,0,223,100.42,2164,228,629,2617
274,416,0,213,102.23,2171,228,636,2636
275,404,0,205,105.55,2180,230,643,2646
276,393,0,204,106.91,2187,230,650,2655
277,381,0,201,108.02,2196,230,655,2665
278,372,0,194,108.8,2202,230,659,2684
279,365,0,193,110.48,2209,230,667,2690
280,361,0,184,112.34,2215,231,670,2706
281,355,0,185,113.88,2222,231,672,2714
282,354,0,183,115.02,2225,232,675,2725
283,347,0,176,116.83,2233,234,676,2740
284,336,0,175,118.89,2241,235,680,2749
285,332,0,168,120.02,2243,235,684,2759
286,323,0,160,121.52,2247,235,689,2773
287,323,0,159,123.49,2250,236,693,2782
288,319,0,157,126.77,2254,236,696,2790
289,320,0,152,127.9,2255,236,701,2795
290,313,0,147,129.5,2261,237,702,2803
291,312,0,143,130.79,2264,238,706,2810
292,319,0,132,132.85,2267,238,707,2823
293,308,0,128,134.1,2274,239,710,2834
294,303,0,125,135.38,2278,239,713,2846
295,301,0,113,137.07,2281,241,718,2856
296,303,0,107,138.19,2284,241,721,2864
297,301,0,103,139.3,2285,242,723,2874
298,296,0,99,140,2288,242,726,2882
299,290,0,93,141.89,2292,243,728,2891
300,289,0,92,143.06,2297,245,731,2900
301,291,0,86,143.75,2299,247,735,2911
302,294,0,81,145.4,2301,247,738,2918
303,295,0,80,146.48,2306,247,739,2922
304,287,0,81,147.94,2313,249,740,2925
305,285,0,82,149.15,2319,249,742,2928
306,285,0,79,151.2,2323,250,745,2933
307,289,0,78,150.38,2325,250,745,2941
308,296,0,75,151.17,2327,251,748,2947
309,294,0,79,151.83,2333,251,754,2948
310,296,0,74,152.48,2335,252,760,2953
311,294,0,75,153.26,2338,252,761,2959
312,292,0,78,154.1,2339,252,761,2964
313,302,0,78,154.15,2344,252,765,2966
314,306,0,73,154.7,2347,252,767,2971
315,312,0,70,155.49,2351,252,767,2977
316,311,0,67,154.68,2354,252,771,2982
317,324,0,65,155.12,2356,252,771,2987
318,329,0,65,156.33,2357,252,774,2991
319,335,0,64,155.95,2361,253,778,2996
320,325,0,66,156.78,2367,253,785,2999
321,334,0,65,156.67,2368,253,789,3001
322,341,0,63,156.12,2368,253,790,3004
323,342,0,61,155.95,2369,254,794,3009
324,349,0,61,154.8,2369,254,796,3010
325,356,0,61,153.12,2371,255,798,3012
326,371,0,61,152.94,2373,255,798,3014
327,385,0,60,150.26,2373,256,799,3019
328,393,0,59,150.71,2376,256,799,3021
329,398,0,60,149.59,2380,257,800,3026
330,403,0,59,149.5,2380,258,801,3029
331,411,0,57,148.9,2382,258,805,3032
332,407,0,54,147.39,2385,258,809,3037
333,423,0,48,146.89,2386,259,813,3041
334,431,0,46,145.78,2389,260,815,3047
335,435,0,44,144.63,2392,261,815,3053
336,436,0,45,142.73,2394,262,815,3054
337,439,0,44,142.49,2396,263,819,3058
338,446,0,43,141.7,2397,263,822,3063
339,466,0,42,140.61,2401,263,823,3066
340,475,0,42,140.12,2404,263,828,3066
341,471,0,44,138,2409,265,828,3071
342,482,0,45,137.34,2414,266,830,3073
343,485,0,46,135.93,2419,267,831,3077
344,498,0,44,134.68,2423,267,832,3080
345,500,0,46,135.33,2427,267,832,3086
346,503,0,49,135.24,2432,268,832,3092
347,500,0,50,134.64,2438,268,833,3096
348,497,0,55,133.66,2444,269,834,3099
349,513,0,58,132.18,2446,269,838,3100
350,522,0,59,131.77,2449,270,838,3102
351,523,0,58,129.43,2454,270,841,3106
352,527,0,62,127.92,2458,272,841,3108
353,529,0,66,127.93,2466,272,842,3108
354,533,0,76,127.8,2469,272,844,3114
355,531,0,79,128.25,2476,272,846,3114
356,537,0,83,127.86,2481,273,849,3116
357,540,0,88,126.98,2487,274,851,3119
358,541,0,90,126.06,2495,274,852,3125
359,549,0,94,123.57,2500,275,852,3132
360,539,0,98,122.95,2513,275,853,3141
361,544,0,98,122.08,2517,275,855,3143
362,538,0,100,121.42,2527,275,857,3151
363,531,0,101,119.57,2543,276,859,3155
364,533,0,107,119.19,2553,277,860,3158
365,531,0,114,118.51,2567,277,862,3160
366,535,0,120,118.53,2575,277,862,3163
367,534,0,125,119.13,2581,278,863,3166
368,542,0,128,119.18,2587,278,864,3170
369,537,0,127,119.76,2602,278,864,3176
370,541,0,129,119.02,2607,279,865,3181
371,540,0,140,119.05,2618,279,866,3183
372,542,0,153,117.73,2629,280,866,3187
373,544,0,157,119.23,2635,281,867,3191
374,544,0,160,119.45,2649,281,869,3192
375,536,0,160,118.55,2660,282,870,3198
376,538,0,174,117.66,2666,283,873,3202
377,532,0,180,117.44,2683,284,876,3205
378,533,0,179,116.52,2692,284,880,3210
379,527,0,185,116.58,2705,284,883,3214
380,533,0,181,115.68,2713,286,885,3222
381,529,0,187,115.33,2723,286,886,3228
382,539,0,199,115.06,2731,286,886,3233
383,532,0,213,115.24,2748,286,886,3236
384,514,0,213,115.18,2763,289,890,3243
385,509,0,218,113.53,2773,289,892,3254
386,496,0,213,111.95,2785,290,894,3270
387,486,0,223,111.07,2802,290,895,3277
388,485,0,234,110.87,2812,290,895,3281
389,475,0,243,112.01,2832,290,897,3284
390,481,0,244,113.27,2840,291,898,3297
391,480,0,248,113.6,2850,292,900,3306
392,471,0,250,113.06,2865,293,903,3310
393,461,0,252,112.96,2883,293,906,3321
394,455,0,254,112.91,2895,294,907,3327
395,441,0,257,113.32,2915,294,907,3338
396,436,0,261,114.17,2929,294,907,3354
397,425,0,264,114.92,2939,295,911,3367
398,420,0,276,114.81,2952,296,914,3369
399,417,0,280,116.87,2962,296,917,3380
400,413,0,286,117.55,2972,296,918,3390
401,409,0,296,117.68,2985,297,922,3399
402,410,0,296,118.81,2992,297,923,3406
403,409,0,287,120.06,3002,298,929,3419
404,398,0,289,121.53,3013,300,933,3427
405,398,0,281,121.54,3020,302,936,3438
406,396,0,282,122.22,3029,302,942,3445
407,389,0,289,123.19,3039,302,944,3447
408,380,0,282,124.2,3047,302,947,3460
409,376,0,276,123.79,3055,302,949,3474
410,362,0,269,124.92,3066,303,950,3490
411,347,0,261,125.75,3079,303,956,3506
412,334,0,256,126.64,3088,304,960,3522
413,328,0,247,128.22,3095,304,964,3537
414,321,0,239,129.6,3101,306,968,3552
415,322,0,224,129.73,3107,307,969,3572
416,315,0,228,130.85,3115,307,973,3582
417,316,0,225,132.95,3120,308,976,3592
418,308,0,221,134.86,3128,308,978,3605
419,302,0,215,134.69,3132,308,980,3618
420,298,0,211,135.91,3139,308,982,3632
421,293,0,204,137.54,3147,308,984,3643
422,284,0,199,137.82,3155,310,987,3656
423,284,0,186,140.08,3156,310,993,3670
424,278,0,185,140.11,3162,310,996,3678
425,274,0,178,142.8,3164,311,1003,3687
426,269,0,172,143.63,3170,312,1005,3695
427,266,0,173,145.28,3172,313,1007,3703
428,261,0,173,147.38,3177,314,1009,3711
429,265,0,167,149.81,3179,315,1009,3719
430,262,0,156,151.84,3181,315,1013,3734
431,259,0,145,154.03,3187,315,1014,3749
432,251,0,139,155.43,3193,316,1015,3758
433,252,0,130,156.49,3197,316,1016,3767
434,254,0,123,158.23,3200,316,1019,3779
435,257,0,121,159.46,3204,316,1019,3788
436,255,0,114,160.19,3211,316,1022,3796
437,261,0,116,160.48,3213,316,1025,3799
438,258,0,111,160.97,3215,316,1025,3811
439,260,0,109,160.49,3218,316,1030,3817
440,261,0,107,161.94,3221,316,1035,3821
441,252,0,102,163.53,3228,317,1037,3833
442,259,0,92,165.61,3230,317,1039,3843
443,263,0,91,165.81,3233,317,1041,3848
444,265,0,86,167.01,3236,317,1042,3854
445,279,0,82,167.98,3236,317,1043,3859
446,276,0,78,168.93,3237,317,1045,3866
447,279,0,77,169.08,3237,318,1048,3869
448,284,0,71,169.18,3238,319,1051,3874
449,287,0,66,169.06,3245,319,1053,3879
450,298,0,58,169.58,3249,319,1055,3887
451,303,0,60,170.73,3251,319,1056,3888
452,311,0,61,170.08,3251,319,1058,3891
453,316,0,56,169.62,3251,319,1061,3899
454,327,0,55,169.33,3252,321,1063,3901
455,331,0,56,169.33,3254,321,1065,3902
456,339,0,54,169.12,3256,321,1068,3905
457,349,0,51,168.02,3258,321,1068,3910
458,353,0,52,168.57,3262,321,1068,3914
459,352,0,52,168.12,3263,321,1070,3918
460,361,0,50,166.84,3264,321,1070,3921
461,365,0,49,166.09,3268,321,1070,3924
462,365,0,51,164.88,3269,323,1072,3926
463,373,0,52,163.65,3273,323,1073,3928
464,377,0,53,162.93,3274,324,1076,3930
465,391,0,52,160.97,3275,324,1078,3936
466,404,0,50,159.88,3278,324,1078,3940
467,414,0,48,158.59,3279,324,1081,3945
468,425,0,50,156.69,3280,324,1082,3948
469,430,0,49,156.35,3281,325,1084,3952
470,438,0,51,153.89,3285,325,1085,3953
471,448,0,49,153.34,3286,325,1088,3957
472,453,0,45,151.61,3289,325,1088,3964
473,468,0,41,150.52,3291,325,1090,3968
474,483,0,41,146.96,3293,327,1091,3971
475,497,0,40,145.07,3294,327,1092,3974
476,506,0,41,144.15,3298,327,1093,3976
477,513,0,41,141.07,3299,327,1093,3980
478,518,0,41,137.54,3303,328,1096,3985
479,533,0,41,132.83,3307,330,1097,3988
480,546,0,42,129.64,3308,331,1100,3991
481,557,0,41,125.72,3311,332,1101,3996
482,565,0,41,123.61,3314,332,1103,3999
483,598,0,36,121.04,3319,334,1104,4008
484,603,0,35,119.13,3326,335,1106,4011
485,614,0,36,116.48,3329,335,1108,4014
486,622,0,36,114.59,3330,335,1110,4017
487,623,0,37,113.35,3333,336,1112,4023
488,633,0,38,112.53,3334,336,1115,4024
489,650,0,39,111.01,3335,338,1115,4024
490,653,0,42,110.01,3340,339,1119,4026
491,659,0,40,107.34,3343,340,1123,4032
492,664,0,42,107.35,3348,340,1124,4035
493,669,0,48,107.07,3350,340,1126,4040
494,681,0,55,106.8,3354,340,1126,4042
495,690,0,59,105.17,3358,340,1127,4043
496,690,0,60,105.6,3362,344,1131,4050
497,703,0,61,103.84,3365,344,1133,4054
498,705,0,66,101.95,3369,344,1135,4061
499,714,0,67,100.88,3371,346,1135,4065
500,721,0,68,98.58,3380,346,1137,4068
501,724,0,68,98.53,3385,349,1140,4075
502,738,0,73,98.24,3390,349,1140,4082
503,745,0,75,97.76,3395,350,1143,4088
504,742,0,76,96.56,3401,351,1146,4093
505,745,0,87,97.03,3405,352,1147,4095
506,750,0,88,97.07,3411,353,1147,4100
507,756,0,89,95.16,3418,354,1150,4107
508,758,0,89,94.01,3422,354,1154,4114
509,762,0,88,93.8,3426,356,1154,4122
510,763,0,91,92.86,3428,357,1155,4126
511,764,0,99,90.53,3431,358,1156,4135
512,763,0,94,90.16,3435,359,1159,4146
513,772,0,93,89.89,3443,360,1160,4151
514,771,0,95,87.65,3450,360,1161,4160
515,784,0,93,87.28,3456,360,1163,4162
516,786,0,95,87.49,3462,361,1164,4175
517,786,0,91,89.01,3463,361,1166,4192
518,797,0,91,88.28,3466,362,1166,4195
519,798,0,89,88.2,3472,362,1167,4207
520,791,0,89,86.76,3479,363,1171,4213
521,791,0,93,85.92,3484,364,1172,4217
522,796,0,95,87.02,3489,365,1174,4228
523,804,0,97,86.06,3495,366,1175,4240
524,794,0,102,86.4,3503,366,1176,4249
525,793,0,100,87.15,3511,368,1178,4259
526,788,0,106,85.25,3521,368,1179,4265
527,785,0,112,84.04,3530,369,1179,4275
528,786,0,111,82.59,3537,370,1180,4281
529,785,0,121,81.45,3541,372,1180,4290
530,782,0,126,81.57,3551,372,1182,4300
531,783,0,129,81.85,3558,372,1184,4309
532,786,0,134,81.53,3567,373,1185,4314
533,794,0,136,81.69,3571,376,1187,4327
534,784,0,140,83.03,3582,376,1192,4335
535,785,0,141,81.71,3589,377,1194,4341
536,776,0,144,81.27,3597,377,1197,4355
537,772,0,145,82.08,3604,379,1200,4369
538,770,0,150,82.41,3608,381,1203,4380
539,765,0,152,82.78,3613,381,1209,4397
540,763,0,153,83.33,3618,381,1212,4403
541,757,0,145,83.46,3625,383,1215,4425
542,753,0,145,82.01,3629,384,1220,4435
543,736,0,146,84.06,3640,384,1222,4450
544,729,0,146,84.09,3648,386,1223,4466
545,719,0,148,83.86,3657,386,1226,4479
546,714,0,148,83.79,3665,386,1228,4488
547,705,0,148,84.25,3671,386,1236,4499
548,697,0,146,83.41,3682,388,1239,4508
549,694,0,146,84.62,3685,389,1242,4520
550,694,0,144,82.67,3690,391,1245,4528
551,674,0,143,82.16,3701,393,1251,4542
552,662,0,142,83.86,3708,396,1256,4559
553,649,0,136,86.75,3716,397,1261,4579
554,653,0,134,87.96,3721,397,1267,4583
555,648,0,137,88.97,3729,398,1268,4592
556,643,0,143,89.15,3735,398,1270,4601
557,629,0,147,89.17,3747,398,1272,4613
558,615,0,151,89.91,3758,398,1273,4627
559,604,0,149,91.97,3769,400,1277,4633
560,594,0,153,93.11,3778,400,1282,4641
561,576,0,155,93.75,3787,401,1287,4651
562,558,0,158,94.22,3800,401,1290,4662
563,552,0,159,92.74,3808,401,1297,4670
564,549,0,166,93.49,3820,402,1299,4676
565,545,0,170,94.85,3831,403,1303,4681
566,545,0,170,95.92,3838,404,1304,4688
567,530,0,175,96.6,3847,407,1309,4698
568,521,0,175,97.69,3861,410,1315,4705
569,518,0,186,99.47,3871,411,1318,4714
570,508,0,184,100.18,3887,411,1322,4720
571,499,0,190,101.04,3895,414,1330,4726
572,488,0,197,103.03,3901,416,1334,4731
573,480,0,196,105.01,3911,418,1337,4742
574,471,0,200,106.21,3920,418,1340,4748
575,456,0,199,107.45,3931,419,1342,4759
576,450,0,195,108.19,3942,419,1346,4766
577,442,0,196,109.77,3950,420,1347,4776
578,431,0,199,111.46,3959,421,1353,4789
579,419,0,198,111.36,3969,422,1360,4800
580,410,0,205,113.22,3976,422,1368,4803
581,403,0,210,116,3983,422,1373,4811
582,396,0,208,118.04,3995,423,1380,4820
583,392,0,207,119.01,4001,425,1383,4830
584,391,0,213,120.03,4006,425,1386,4838
585,386,0,209,120.85,4013,425,1392,4847
586,387,0,212,122.95,4021,425,1394,4856
587,377,0,206,123.84,4033,425,1396,4869
588,365,0,202,124.79,4043,425,1396,4881
589,361,0,202,125.77,4051,426,1398,4888
590,355,0,206,126.98,4059,428,1400,4893
591,352,0,202,128.87,4063,428,1403,4902
592,346,0,203,130.04,4074,428,1404,4915
593,342,0,194,130.49,4080,429,1412,4926
594,339,0,188,132.38,4083,429,1417,4933
595,338,0,185,134.57,4093,429,1419,4942
596,343,0,181,135.54,4096,430,1425,4950
597,339,0,179,136.6,4101,431,1428,4959
598,333,0,178,138.29,4106,433,1431,4966
599,329,0,176,140.44,4111,433,1432,4976
600,330,0,170,142.65,4116,433,1435,4984
601,331,0,170,144.55,4119,433,1436,4993
602,324,0,172,144.34,4127,434,1437,5001
603,325,0,171,145.42,4130,435,1439,5009
604,323,0,168,145.45,4136,435,1440,5017
605,320,0,165,146.39,4141,435,1446,5021
606,325,0,155,148.83,4142,435,1448,5038
607,325,0,148,148.83,4147,436,1449,5048
608,328,0,144,149.44,4150,436,1450,5053
609,326,0,142,149.71,4155,437,1453,5061
610,328,0,136,150.72,4159,438,1455,5069
611,332,0,133,151.89,4164,438,1458,5076
612,331,0,132,152.08,4170,439,1460,5082
613,331,0,129,152.85,4177,439,1463,5088
614,330,0,125,153.54,4180,442,1466,5095
615,335,0,115,154.35,4185,442,1470,5106
616,335,0,109,154.31,4189,442,1471,5115
617,337,0,100,154.89,4192,443,1473,5125
618,339,0,97,154.86,4197,443,1475,5132
619,337,0,93,154.93,4201,444,1478,5137
620,331,0,92,155.69,4206,444,1481,5144
621,331,0,89,156.26,4210,444,1483,5150
622,331,0,87,156.78,4213,444,1486,5154
623,333,0,86,157.68,4215,444,1489,5164
624,337,0,85,157.19,4217,444,1493,5167
625,335,0,81,157.14,4219,445,1496,5176
626,344,0,83,156.85,4223,445,1496,5179
627,348,0,82,158,4228,445,1498,5182
628,348,0,83,158.51,4236,445,1498,5187
629,348,0,86,160.22,4240,445,1498,5194
630,349,0,84,160.36,4245,446,1504,5197
631,352,0,87,159.52,4247,446,1505,5198
632,350,0,84,159.25,4251,450,1508,5202
633,352,0,79,159.64,4253,450,1513,5205
634,353,0,77,159.28,4258,450,1514,5210
635,348,0,73,158.72,4264,452,1518,5217
636,345,0,70,157.64,4266,453,1522,5222
637,347,0,69,158.35,4273,453,1523,5226
638,347,0,69,158.26,4279,453,1525,5229
639,353,0,68,157.55,4283,454,1527,5231
640,354,0,72,157.23,4286,455,1528,5236
641,358,0,72,156.67,4291,455,1530,5241
642,369,0,76,157.25,4295,455,1530,5243
643,384,0,79,155.73,4301,456,1530,5249
644,377,0,76,154.09,4311,458,1530,5254
645,382,0,83,154.52,4315,458,1532,5259
646,384,0,81,154.76,4318,458,1537,5262
647,387,0,81,154.88,4323,460,1537,5263
648,385,0,83,154.38,4326,461,1540,5270
649,381,0,84,154.95,4334,462,1540,5276
650,380,0,84,155.22,4336,463,1543,5278
651,380,0,86,155.93,4340,465,1547,5283
652,384,0,93,155.87,4343,465,1549,5286
653,390,0,97,155.96,4347,465,1551,5288
654,397,0,98,154.8,4353,465,1551,5294
655,410,0,99,151.82,4355,467,1551,5295
656,415,0,98,150.62,4361,467,1552,5296
657,417,0,94,148.46,4368,467,1552,5301
658,420,0,97,146.6,4371,467,1557,5303
659,419,0,99,145.26,4374,469,1559,5307
660,436,0,98,144,4377,469,1560,5313
661,443,0,100,141.92,4379,469,1564,5314
662,440,0,96,139.57,4385,469,1568,5323
663,458,0,94,138.43,4386,469,1569,5328
664,460,0,100,137.42,4390,471,1571,5330
665,472,0,99,135.71,4395,474,1574,5336
666,473,0,99,134.48,4402,475,1576,5343
667,485,0,98,134.55,4408,477,1577,5345
668,482,0,96,131.86,4414,477,1579,5353
669,484,0,96,130.26,4422,479,1582,5355
670,492,0,106,129.95,4428,480,1582,5356
671,498,0,110,129.67,4434,481,1582,5359
672,510,0,106,130.03,4437,481,1583,5365
673,507,0,104,128.63,4448,482,1584,5369
674,520,0,105,127.79,4454,482,1588,5371
675,525,0,106,124.97,4460,482,1591,5375
676,531,0,108,123.81,4465,483,1592,5382
677,535,0,108,123.31,4469,487,1594,5385
678,537,0,104,122.55,4473,488,1596,5391
679,541,0,104,121.74,4478,488,1598,5401
680,541,0,107,121.39,4481,488,1600,5408
681,554,0,110,119.14,4483,488,1602,5415
682,555,0,111,117.11,4488,488,1604,5421
683,558,0,110,116.07,4492,488,1607,5428
684,557,0,111,115.72,4497,488,1609,5436
685,564,0,112,114.95,4498,488,1609,5445
686,576,0,116,113.03,4505,488,1610,5449
687,581,0,115,113.52,4512,488,1610,5456
688,584,0,116,111.75,4515,488,1610,5460
689,588,0,113,110.51,4518,488,1613,5467
690,601,0,112,110.87,4519,488,1616,5474
691,609,0,107,111.48,4522,489,1618,5481
692,616,0,108,110.63,4524,490,1621,5488
693,627,0,103,110.68,4525,490,1624,5494
694,619,0,101,109.16,4532,490,1627,5505
695,617,0,99,109.41,4535,490,1630,5517
696,612,0,95,110.44,4539,492,1630,5525
697,620,0,93,111.67,4544,492,1632,5529
698,628,0,90,111.53,4546,496,1632,5535
699,619,0,89,110.01,4550,500,1633,5544
700,624,0,90,110.08,4557,500,1639,5549
701,624,0,88,110.01,4560,501,1641,5555
702,623,0,85,111.43,4568,501,1644,5560
703,625,0,78,112.15,4575,501,1648,5573
704,631,0,78,111.56,4581,501,1649,5582
705,630,0,79,111.71,4587,502,1650,5583
706,630,0,79,112.23,4592,503,1652,5591
707,639,0,80,112.08,4595,504,1653,5595
708,646,0,78,112.43,4597,505,1655,5603
709,636,0,79,112.47,4602,509,1658,5614
710,632,0,83,111.99,4607,509,1659,5618
711,625,0,84,112.72,4614,509,1661,5626
712,620,0,94,111.73,4624,510,1663,5633
713,623,0,97,110.64,4628,510,1668,5638
714,621,0,94,109.39,4631,511,1672,5644
715,613,0,97,109.76,4643,511,1675,5648
716,608,0,106,109.77,4654,512,1675,5654
717,601,0,106,109.02,4663,513,1675,5664
718,597,0,106,109.58,4672,514,1678,5671
719,597,0,106,109.92,4680,515,1681,5677
720,598,0,112,110.52,4685,516,1682,5682
721,592,0,116,110.76,4690,518,1683,5688
722,591,0,118,110.34,4702,519,1684,5692
723,585,0,118,110.08,4709,520,1688,5700
724,573,0,122,109.8,4719,521,1690,5711
725,573,0,129,108.22,4725,522,1692,5717
726,579,0,129,108.96,4729,524,1694,5728
727,574,0,134,108.62,4738,526,1695,5739
728,573,0,134,109.65,4748,527,1698,5744
729,567,0,135,108.37,4760,528,1700,5751
730,571,0,136,109.11,4769,529,1703,5759
731,562,0,137,108.76,4784,530,1705,5762
732,563,0,146,108.13,4793,531,1706,5766
733,555,0,151,106.91,4804,531,1708,5778
734,550,0,163,106.09,4815,531,1709,5787
735,539,0,176,107.14,4830,531,1712,5793
736,531,0,182,105.8,4839,533,1717,5797
737,525,0,183,107.54,4847,533,1718,5803
738,522,0,195,107.17,4858,533,1719,5810
739,517,0,199,107.82,4870,535,1721,5820
740,510,0,201,107.99,4882,535,1725,5826
741,516,0,207,106.97,4892,535,1726,5833
742,499,0,218,107.43,4910,535,1729,5838
743,484,0,221,107.65,4922,535,1732,5844
744,484,0,226,108.43,4933,535,1733,5849
745,476,0,226,108.16,4942,537,1735,5857
746,481,0,226,108.54,4957,538,1738,5863
747,475,0,234,108.54,4968,539,1740,5871
748,474,0,226,108.78,4977,539,1742,5886
749,473,0,219,109.99,4987,540,1747,5897
750,468,0,218,109.97,5000,541,1750,5908
751,471,0,220,110.42,5004,544,1752,5915
752,460,0,223,109.43,5015,545,1757,5927
753,460,0,225,109.06,5023,546,1761,5934
754,456,0,233,110.49,5033,547,1764,5937
755,449,0,228,110.91,5040,551,1767,5946
756,437,0,223,111,5053,551,1769,5961
757,434,0,223,112.05,5057,553,1770,5970
758,434,0,219,112.44,5062,555,1773,5985
759,430,0,216,113.63,5070,555,1775,5995
760,418,0,221,113.55,5082,556,1776,6006
761,418,0,217,113.18,5090,556,1779,6018
762,417,0,215,112.83,5095,557,1787,6022
763,413,0,208,113.87,5104,558,1788,6037
764,406,0,212,115.66,5111,559,1794,6045
765,406,0,211,116.87,5119,560,1797,6054
766,399,0,211,118.13,5127,561,1800,6065
767,397,0,211,119.02,5132,563,1803,6074
768,398,0,203,122.08,5139,563,1806,6085
769,393,0,200,123.73,5153,563,1809,6092
770,379,0,191,125.48,5162,566,1811,6108
771,376,0,192,126.73,5169,566,1817,6116
772,369,0,191,127.34,5176,567,1820,6125
773,365,0,189,127.44,5182,567,1824,6133
774,367,0,189,128.73,5190,567,1824,6146
775,356,0,188,130.11,5200,567,1826,6156
776,350,0,190,132.61,5208,568,1831,6159
777,346,0,189,132.28,5214,568,1831,6163
778,345,0,183,131.76,5218,568,1834,6178
779,339,0,181,132.85,5223,568,1835,6190
780,335,0,177,133.75,5233,569,1839,6200
781,341,0,175,136.17,5237,569,1842,6208
782,333,0,175,138.44,5246,569,1844,6212
783,322,0,172,140.46,5251,569,1849,6221
784,317,0,166,141.61,5261,570,1852,6229
785,315,0,164,142.65,5266,570,1854,6240
786,312,0,156,145.11,5271,570,1855,6251
787,303,0,152,146.99,5277,571,1858,6262
788,295,0,150,148.25,5287,571,1860,6274
789,290,0,150,149.39,5292,571,1864,6282
790,283,0,145,150.13,5298,572,1870,6292
791,286,0,141,152.24,5301,572,1872,6296
792,284,0,140,154.14,5303,572,1875,6303
793,283,0,136,154.94,5307,573,1877,6311
794,278,0,134,154.53,5311,574,1877,6322
795,282,0,128,156.32,5316,574,1878,6329
796,280,0,122,156.45,5321,574,1881,6336
797,280,0,118,158.16,5325,575,1884,6340
798,285,0,127,159.87,5327,575,1885,6345
799,287,0,124,161.15,5330,575,1885,6351
800,280,0,123,161.71,5334,575,1886,6365
801,275,0,121,163.18,5339,575,1890,6369
802,276,0,116,163.19,5343,575,1895,6376
803,276,0,109,163.93,5347,575,1900,6385
804,275,0,110,165.71,5352,575,1903,6392
805,284,0,110,166.6,5355,575,1905,6394
806,290,0,108,166.22,5359,575,1905,6398
807,291,0,104,165.98,5363,575,1908,6403
808,294,0,102,166.29,5364,576,1909,6408
809,298,0,100,167.41,5366,576,1913,6409
810,301,0,99,167.33,5370,576,1915,6412
811,308,0,97,166.35,5374,576,1916,6417
812,308,0,86,166.12,5375,576,1919,6430
813,308,0,84,167.64,5378,576,1919,6436
814,317,0,80,167.68,5380,576,1922,6439
815,325,0,78,167.96,5387,576,1924,6444
816,325,0,77,169,5387,576,1927,6450
817,325,0,78,167.86,5388,576,1929,6452
818,332,0,76,167.12,5390,576,1929,6458
819,333,0,74,166.61,5393,576,1932,6462
820,340,0,73,166.69,5396,576,1935,6466
821,338,0,72,166.03,5400,576,1936,6473
822,342,0,67,164.72,5404,577,1939,6482
823,348,0,67,163.03,5405,577,1942,6484
824,352,0,68,162.67,5411,577,1943,6487
825,359,0,63,162.21,5414,578,1945,6493
826,368,0,59,161.37,5418,579,1946,6497
827,370,0,59,159.49,5418,580,1951,6502
828,380,0,61,158.06,5419,580,1953,6504
829,379,0,65,156.72,5422,580,1955,6509
830,384,0,69,154.86,5429,581,1956,6512
831,384,0,74,153.11,5431,584,1958,6516
832,387,0,73,151.03,5436,585,1959,6524
833,398,0,72,149.81,5439,586,1961,6528
834,405,0,71,148.84,5443,587,1961,6531
835,412,0,65,146.14,5446,587,1962,6540
836,422,0,66,143.28,5450,587,1962,6541
837,436,0,65,141.51,5453,588,1963,6546
838,443,0,62,141.32,5458,589,1966,6550
839,458,0,62,138.76,5461,589,1967,6553
840,472,0,63,135.36,5464,591,1967,6555
841,477,0,62,132.82,5471,593,1970,6558
842,494,0,64,130.38,5474,594,1972,6561
843,504,0,69,127.97,5478,596,1972,6563
844,527,0,75,125.54,5480,596,1973,6567
845,527,0,74,123.13,5486,596,1975,6572
846,534,0,72,122.15,5491,597,1976,6576
847,541,0,68,121.03,5498,597,1980,6578
848,546,0,68,119.04,5501,598,1981,6584
849,545,0,68,116.59,5513,598,1983,6586
850,553,0,69,115.85,5517,598,1984,6591
851,562,0,72,115.49,5524,599,1986,6592
852,571,0,77,114.13,5534,599,1987,6593
853,571,0,78,113.19,5544,600,1990,6599
854,572,0,78,112.75,5553,600,1990,6601
855,583,0,82,112.63,5559,600,1993,6604
856,577,0,88,111.64,5565,602,1994,6609
857,588,0,87,110.34,5568,603,1995,6615
858,587,0,93,109.42,5575,605,1997,6620
859,587,0,98,110.34,5588,606,2000,6625
860,576,0,98,109.22,5602,609,2001,6631
861,573,0,111,108.66,5613,609,2004,6637
862,572,0,111,106.55,5621,609,2006,6639
863,573,0,119,107.43,5630,609,2009,6643
864,582,0,136,107.43,5638,609,2010,6645
865,573,0,145,106.85,5648,610,2012,6650
866,569,0,151,105.19,5662,610,2014,6657
867,564,0,154,105.41,5677,610,2014,6666
868,564,0,164,105.32,5686,610,2014,6668
869,569,0,173,106.35,5695,610,2016,6670
870,570,0,178,105.35,5707,611,2019,6676
871,560,0,188,104.85,5722,612,2024,6677
872,549,0,190,104.91,5732,613,2028,6687
873,549,0,195,105.16,5740,614,2028,6695
874,548,0,198,104.07,5755,614,2029,6697
875,542,0,200,103.54,5765,614,2030,6710
876,538,0,218,104.12,5781,614,2033,6715
877,537,0,217,104.37,5791,615,2036,6724
878,530,0,215,103.67,5802,617,2045,6732
879,532,0,216,103.99,5812,618,2048,6740
880,531,0,215,104.94,5822,618,2049,6745
881,529,0,221,105.2,5831,618,2050,6756
882,521,0,228,105.35,5841,620,2052,6768
883,519,0,233,105.84,5850,622,2052,6781
884,509,0,237,105.35,5863,624,2052,6791
885,501,0,239,106.14,5874,626,2055,6798
886,493,0,248,106.37,5890,626,2057,6807
887,489,0,246,105.69,5904,626,2059,6814
888,490,0,257,106.54,5912,627,2061,6819
889,485,0,259,106.82,5927,627,2063,6830
890,475,0,258,108.12,5940,627,2064,6848
891,465,0,264,108.35,5954,627,2070,6854
892,461,0,262,107.41,5961,627,2073,6862
893,450,0,257,108.42,5978,627,2078,6872
894,439,0,260,109.35,5992,627,2081,6884
895,432,0,264,109.63,6007,630,2082,6899
896,428,0,265,111.28,6020,630,2082,6908
897,415,0,277,111.84,6037,630,2085,6914
898,407,0,273,111.88,6044,632,2088,6932
899,406,0,266,111.61,6052,632,2093,6941
900,400,0,263,113.63,6061,632,2097,6958
901,392,0,266,113.53,6074,632,2101,6969
902,387,0,267,114.05,6081,632,2105,6979
903,383,0,266,115.41,6087,632,2105,6991
904,384,0,263,116.25,6091,636,2106,7002
905,377,0,259,117.64,6097,636,2108,7018
906,373,0,254,117.94,6102,636,2110,7030
907,371,0,252,119.57,6109,636,2113,7039
908,375,0,250,121.32,6113,636,2116,7051
909,371,0,247,122.07,6121,636,2117,7059
910,357,0,239,121.79,6132,637,2121,7074
911,353,0,228,122.45,6139,637,2124,7093
912,351,0,217,124.08,6146,639,2128,7106
913,349,0,214,124.72,6153,640,2135,7113
914,346,0,202,125.24,6161,640,2136,7129
915,344,0,189,127.31,6169,641,2138,7143
916,341,0,190,127.53,6177,641,2139,7157
917,341,0,182,129.25,6181,641,2141,7170
918,342,0,174,129.53,6183,642,2146,7180
919,337,0,170,129.49,6191,642,2148,7190
920,338,0,156,128.43,6192,643,2152,7207
921,336,0,151,129.83,6196,644,2154,7215
922,328,0,144,131.73,6202,645,2158,7228
923,325,0,142,133.53,6208,646,2160,7239
924,326,0,140,134.94,6215,646,2163,7245
925,326,0,138,135.16,6220,646,2164,7251
926,333,0,138,134.83,6225,646,2165,7256
927,329,0,137,136.31,6231,646,2166,7264
928,334,0,131,136.87,6235,646,2168,7271
929,331,0,125,137.97,6240,646,2169,7277
930,333,0,116,136.91,6245,646,2172,7286
931,336,0,118,137.96,6248,647,2175,7291
932,331,0,119,137.78,6252,648,2177,7301
933,330,0,118,138.14,6252,650,2178,7307
934,327,0,120,137.72,6255,651,2184,7312
935,321,0,117,136.79,6265,652,2188,7317
936,326,0,116,137.16,6267,652,2189,7322
937,332,0,108,137.54,6268,652,2193,7335
938,339,0,103,138.66,6272,654,2197,7343
939,351,0,103,138.53,6274,654,2200,7348
940,363,0,100,139.02,6280,655,2202,7353
941,365,0,95,139.21,6284,656,2203,7362
942,366,0,93,139.07,6288,656,2206,7366
943,371,0,93,138.39,6289,656,2206,7369
944,383,0,92,137.17,6291,657,2210,7370
945,391,0,89,137.18,6292,658,2212,7378
946,398,0,81,137.82,6299,662,2213,7386
947,406,0,80,137.11,6303,662,2215,7389
948,408,0,78,136.42,6308,662,2218,7395
949,413,0,75,136.11,6311,664,2220,7401
950,427,0,71,135.4,6313,665,2221,7408
951,439,0,69,134.97,6315,665,2226,7410
952,443,0,70,133.23,6316,665,2229,7412
953,451,0,61,132.73,6318,665,2232,7420
954,463,0,62,131.61,6321,665,2235,7425
955,471,0,64,130.93,6323,665,2235,7428
956,474,0,67,130.41,6329,666,2237,7431
957,480,0,69,130.09,6334,667,2239,7436
958,488,0,70,129.55,6335,668,2240,7440
959,500,0,71,128.32,6340,669,2240,7442
960,506,0,71,129.03,6342,670,2242,7447
961,502,0,71,128.68,6348,670,2244,7453
962,516,0,69,127.67,6351,671,2246,7457
963,517,0,65,128.44,6357,671,2248,7466
964,526,0,64,128.12,6361,672,2250,7468
965,527,0,68,127.27,6366,672,2253,7472
966,533,0,66,126.52,6369,673,2254,7475
967,542,0,69,126.54,6372,673,2257,7476
968,558,0,69,125.88,6374,673,2261,7477
969,572,0,69,122.72,6379,673,2261,7480
970,577,0,72,120.42,6384,674,2262,7482
971,578,0,71,119.89,6389,674,2264,7490
972,578,0,73,119.59,6398,676,2264,7491
973,586,0,77,117.93,6404,676,2268,7494
974,583,0,77,117.43,6413,676,2269,7503
975,583,0,78,117.54,6419,676,2271,7507
976,590,0,80,116.47,6422,678,2272,7512
977,584,0,85,116.16,6429,678,2274,7520
978,589,0,90,114.85,6433,678,2275,7526
979,589,0,89,114.13,6437,681,2275,7537
980,584,0,93,113.79,6445,682,2277,7541
981,587,0,99,113,6453,683,2279,7545
982,595,0,100,112.03,6460,683,2280,7550
983,596,0,107,111.15,6469,683,2283,7552
984,599,0,110,111.03,6476,683,2283,7559
985,606,0,113,111.35,6483,683,2285,7566
986,613,0,118,111.19,6487,685,2286,7572
987,618,0,119,110.53,6495,688,2287,7574
988,619,0,118,110.33,6505,688,2289,7580
989,613,0,131,110.99,6516,690,2289,7587
990,617,0,134,110.69,6525,691,2292,7591
991,614,0,140,110.91,6539,694,2294,7598
992,602,0,150,110.49,6552,695,2297,7603
993,600,0,157,110.22,6565,696,2298,7611
994,596,0,163,111.49,6577,696,2302,7620
995,596,0,165,111.67,6589,696,2303,7627
996,586,0,167,112.22,6600,696,2304,7634
997,581,0,164,111.25,6609,696,2305,7645
998,580,0,163,110.13,6617,697,2307,7649
999,582,0,163,109.15,6626,697,2308,7657
