Tick,Bandicoots,Invaders,Foxes,Grass_Health_Index,Total_Bandicoots_Eaten,Trap_Deaths,Old_Age_Deaths,Hunger_Deaths
0,192,0,171,2943.57,12,38,0,0
1,193,0,159,2890.5,38,58,4,0
2,184,0,154,2865.55,53,74,11,0
3,198,0,144,2805.05,61,95,17,0
4,236,0,143,2778.28,64,105,21,0
5,242,0,134,2738.37,83,126,22,0
6,240,0,130,2691.22,99,141,24,2
7,269,0,131,2658.02,108,152,27,2
8,294,0,127,2617.72,119,167,30,4
9,316,0,123,2571.4,129,189,34,6
10,319,0,115,2533.19,141,205,40,7
11,341,0,121,2489.83,147,224,41,7
12,367,0,117,2440.27,156,246,42,7
13,405,0,117,2389.74,159,259,43,8
14,440,0,124,2338.16,168,274,43,8
15,471,0,118,2285.99,175,293,47,8
16,516,0,121,2233.68,183,311,48,8
17,558,0,118,2179.67,193,330,48,8
18,591,0,120,2122.41,209,345,50,9
19,609,0,121,2064.12,228,370,53,10
20,643,0,126,2011.51,236,394,53,10
21,676,0,130,1955.09,245,424,54,10
22,715,0,140,1887.24,253,446,55,10
23,737,0,149,1824.95,266,469,55,10
24,764,0,155,1783.6,279,491,56,10
25,810,0,151,1724.45,300,519,57,11
26,853,0,151,1669.37,307,541,58,13
27,857,0,148,1609.78,317,588,59,14
28,893,0,137,1551.6,330,617,60,16
29,907,0,124,1503.63,345,655,63,20
30,949,0,110,1456.66,358,701,64,24
31,974,0,113,1393.08,375,732,65,29
32,995,0,111,1346.84,386,763,65,33
33,1010,0,119,1304.51,397,787,66,37
34,1015,0,126,1253.13,407,826,68,39
35,1020,0,124,1193.14,427,866,68,52
36,1032,0,130,1141.89,440,898,68,63
37,1036,0,135,1103.13,454,928,69,69
38,1037,0,136,1062.5,468,960,69,75
39,1036,0,138,1013.3,481,989,70,87
40,1051,0,145,972.23,497,1012,70,98
41,1033,0,152,934.23,518,1049,71,102
42,1031,0,155,895.72,538,1075,72,112
43,1010,0,160,868.24,552,1100,72,134
44,984,0,159,826.76,565,1146,73,147
45,987,0,158,794.04,574,1187,73,156
46,990,0,149,768.33,588,1222,73,173
47,994,0,165,728.74,597,1253,73,190
48,978,0,170,690.6,616,1283,73,203
49,973,0,172,659.73,634,1315,75,214
50,954,0,167,628.3,650,1354,75,228
51,951,0,165,597.54,667,1389,76,234
52,964,0,164,571.52,682,1416,77,241
53,954,0,165,547.15,695,1453,77,253
54,954,0,159,515.32,713,1485,77,258
55,955,0,154,489.35,728,1522,78,266
56,939,0,157,458.21,740,1552,78,276
57,933,0,155,436.28,752,1580,79,286
58,940,0,168,414.64,763,1605,79,298
59,925,0,167,398.23,776,1641,79,314
60,926,0,178,370.73,791,1663,79,325
61,932,0,175,354.69,801,1699,79,332
62,912,0,178,340.8,811,1733,79,342
63,894,0,178,319.84,825,1770,79,352
64,892,0,181,309.66,839,1793,79,363
65,879,0,190,293.53,851,1820,79,373
66,850,0,200,284.06,863,1856,79,384
67,852,0,207,268.38,878,1871,79,391
68,849,0,206,256.48,885,1896,81,402
69,815,0,202,248.89,908,1921,81,421
70,795,0,211,243.66,926,1945,81,434
71,783,0,216,236.47,934,1964,83,446
72,762,0,214,229.39,945,1995,84,461
73,754,0,217,225.64,957,2025,85,472
74,732,0,225,225.12,962,2058,86,479
75,703,0,232,227.6,970,2102,87,490
76,673,0,241,227.12,983,2130,87,496
77,649,0,232,231.57,998,2155,88,507
78,616,0,243,235.53,1011,2180,88,520
79,599,0,243,234.72,1020,2205,88,530
80,579,0,229,239.18,1030,2233,89,543
81,569,0,224,241.72,1038,2251,89,550
82,543,0,213,245.75,1050,2277,90,568
83,530,0,212,249.8,1057,2298,90,579
84,512,0,213,257.62,1063,2332,91,589
85,493,0,210,260.53,1072,2354,91,604
86,467,0,204,266.47,1076,2382,92,613
87,464,0,199,266.92,1081,2409,92,618
88,446,0,190,274.57,1088,2431,92,633
89,441,0,173,277.57,1092,2460,92,645
90,425,0,161,283.83,1093,2486,92,657
91,424,0,158,289.15,1096,2510,92,664
92,417,0,143,294.65,1102,2530,93,672
93,398,0,143,299.55,1105,2547,93,685
94,404,0,140,305.75,1109,2563,93,690
95,393,0,137,312.85,1116,2582,93,697
96,383,0,134,318.55,1123,2597,94,701
97,372,0,128,327.05,1129,2618,94,707
98,373,0,117,331.9,1135,2638,95,714
99,364,0,105,339.07,1140,2658,95,727
100,362,0,96,345.55,1146,2668,96,737
101,355,0,96,346.42,1148,2679,97,744
102,345,0,93,352.62,1154,2694,97,748
103,336,0,96,355.5,1160,2711,98,756
104,330,0,94,358.95,1166,2727,98,759
105,325,0,97,367.13,1171,2738,98,762
106,318,0,93,369.3,1176,2755,98,763
107,317,0,94,375.15,1184,2767,98,767
108,323,0,86,379.63,1189,2783,100,770
109,333,0,92,383.05,1193,2794,101,770
110,345,0,94,387.48,1198,2803,101,771
111,351,0,97,390.18,1201,2812,101,773
112,360,0,95,393.8,1201,2823,103,774
113,362,0,89,396.73,1206,2839,103,775
114,368,0,96,401.68,1210,2848,105,775
115,374,0,94,401.43,1218,2857,105,778
116,377,0,90,407.58,1224,2875,107,780
117,373,0,84,412.23,1230,2896,108,781
118,375,0,78,413.13,1234,2918,108,781
119,372,0,78,416.88,1238,2933,109,781
120,360,0,70,419.93,1244,2954,112,783
121,371,0,67,424.93,1247,2969,112,784
122,366,0,69,426.83,1250,2985,112,785
123,362,0,71,433.28,1256,2999,115,786
124,365,0,67,437.58,1262,3016,116,787
125,369,0,65,436.53,1264,3029,117,788
126,383,0,63,442.18,1269,3040,117,791
127,395,0,64,442.53,1273,3052,119,793
128,396,0,64,445.18,1275,3065,119,794
129,402,0,63,448.78,1276,3083,119,796
130,394,0,59,448.93,1281,3096,120,798
131,410,0,62,451.63,1284,3101,120,801
132,423,0,59,453.68,1286,3118,120,802
133,426,0,54,454.83,1289,3130,120,804
134,431,0,53,453.63,1294,3139,121,804
135,424,0,51,456.58,1298,3153,121,808
136,433,0,50,455.33,1301,3164,122,808
137,433,0,48,454.33,1305,3178,125,810
138,441,0,45,455.9,1309,3192,125,813
139,439,0,51,453.88,1314,3210,125,813
140,438,0,51,455.58,1317,3223,125,815
141,439,0,53,455.28,1322,3235,125,816
142,447,0,58,453.88,1325,3252,126,816
143,442,0,57,450.98,1329,3273,127,819
144,433,0,60,455.98,1334,3289,132,822
145,430,0,63,457.78,1335,3300,133,826
146,435,0,66,457.58,1340,3312,133,828
147,431,0,60,456.08,1346,3333,133,832
148,436,0,67,457.93,1348,3342,133,834
149,434,0,71,460.48,1355,3352,133,837
150,425,0,68,460.18,1361,3372,134,842
151,435,0,66,463.08,1366,3384,135,844
152,439,0,62,462.98,1369,3404,136,846
153,436,0,62,463.78,1373,3419,137,846
154,440,0,61,463.63,1379,3432,137,849
155,446,0,62,465.83,1381,3455,137,850
156,450,0,59,467.53,1384,3469,140,853
157,453,0,57,464.68,1385,3489,140,854
158,454,0,57,462.83,1391,3502,145,855
159,452,0,58,461.53,1393,3522,145,856
160,461,0,52,464.25,1396,3539,145,859
161,477,0,47,462.38,1397,3556,145,861
162,479,0,45,463.93,1398,3571,145,865
163,491,0,47,461.28,1401,3581,146,867
164,501,0,47,461.83,1402,3597,147,869
165,511,0,45,462.38,1405,3609,147,870
166,526,0,45,457.98,1408,3621,147,872
167,518,0,47,456.35,1412,3642,148,873
168,520,0,46,458.78,1415,3660,148,874
169,522,0,44,452.48,1415,3674,148,878
170,524,0,42,451.93,1415,3693,149,882
171,524,0,35,448.83,1419,3714,149,883
172,528,0,30,443.88,1424,3730,149,885
173,517,0,31,439.93,1424,3751,149,892
174,531,0,32,436.03,1426,3764,149,895
175,536,0,31,431.48,1426,3781,151,900
176,546,0,29,423.78,1429,3800,151,902
177,558,0,34,418.93,1430,3810,151,905
178,570,0,31,416.38,1431,3828,152,907
179,570,0,30,408.38,1433,3845,152,913
180,583,0,27,401.92,1433,3865,152,914
181,579,0,26,393.98,1435,3889,152,916
182,573,0,26,390.43,1435,3906,152,921
183,583,0,28,386.43,1435,3914,153,925
184,594,0,28,376.73,1436,3930,153,930
185,599,0,30,367.87,1437,3947,153,932
186,601,0,28,363.42,1439,3963,154,936
187,611,0,28,356.77,1443,3984,154,939
188,635,0,29,348.97,1443,3993,156,940
189,641,0,28,340.53,1447,4009,156,942
190,648,0,29,336.72,1451,4021,157,945
191,656,0,35,328.72,1454,4038,159,948
192,662,0,34,322.88,1456,4051,159,950
193,675,0,36,313.87,1460,4063,160,954
194,673,0,39,311.87,1463,4083,161,958
195,672,0,39,300.33,1464,4107,161,962
196,682,0,39,294.5,1466,4124,162,965
197,677,0,39,288.97,1470,4148,162,967
198,677,0,38,280.35,1476,4162,163,969
199,683,0,36,275.65,1481,4182,164,979
200,676,0,36,266.72,1483,4202,164,982
201,674,0,40,260.37,1488,4222,164,986
202,675,0,40,255.72,1497,4242,164,990
203,694,0,41,247.53,1500,4254,165,996
204,692,0,43,236.85,1503,4272,165,1002
205,704,0,39,230.53,1503,4292,166,1008
206,708,0,42,221.02,1508,4311,166,1011
207,706,0,39,214.12,1508,4333,167,1015
208,711,0,40,210.97,1508,4354,167,1017
209,715,0,39,199.9,1511,4370,168,1027
210,711,0,39,191.82,1515,4382,168,1032
211,709,0,41,185.57,1522,4400,168,1036
212,709,0,42,179.95,1526,4418,169,1043
213,709,0,48,177.27,1529,4436,170,1053
214,712,0,51,173.35,1530,4452,170,1058
215,704,0,49,169.47,1532,4470,170,1066
216,708,0,45,164.85,1534,4493,174,1067
217,700,0,46,165.8,1535,4509,175,1074
218,706,0,43,167.2,1537,4527,175,1081
219,705,0,43,166.4,1542,4546,176,1086
220,685,0,44,164.65,1544,4567,178,1094
221,688,0,45,164.3,1545,4578,178,1100
222,686,0,41,166.2,1548,4596,179,1105
223,662,0,40,166.4,1551,4624,180,1115
224,656,0,41,166.55,1553,4643,180,1120
225,643,0,44,171.5,1560,4663,180,1125
226,644,0,42,172.2,1565,4680,181,1129
227,635,0,43,173.42,1572,4694,181,1137
228,627,0,43,172.75,1576,4708,183,1142
229,622,0,51,175.7,1576,4721,183,1149
230,614,0,52,178.5,1580,4740,183,1157
231,611,0,52,178.1,1583,4755,183,1166
232,607,0,54,180.15,1585,4767,183,1175
233,609,0,56,180.45,1588,4783,183,1180
234,607,0,55,180.35,1589,4795,185,1186
235,606,0,54,182.8,1590,4809,185,1192
236,609,0,52,183.6,1591,4826,186,1198
237,588,0,56,185.9,1595,4847,186,1207
238,568,0,57,186.85,1601,4865,186,1220
239,562,0,59,189.05,1604,4880,186,1225
240,565,0,58,189.25,1605,4887,187,1229
241,569,0,62,193.55,1610,4902,187,1231
242,559,0,61,195.65,1611,4922,187,1236
243,552,0,61,196.45,1613,4938,190,1241
244,549,0,57,199.6,1614,4958,190,1247
245,549,0,53,201.05,1617,4976,191,1257
246,557,0,51,204.5,1617,4987,192,1259
247,549,0,50,206.35,1617,5011,193,1263
248,543,0,46,206.85,1621,5035,193,1268
249,529,0,43,210.2,1621,5058,195,1275
250,534,0,44,209.05,1622,5067,196,1279
251,535,0,46,210.6,1625,5082,196,1282
252,534,0,45,210.05,1627,5096,196,1286
253,540,0,40,209.85,1630,5111,198,1287
254,537,0,40,212.95,1631,5129,198,1292
255,537,0,41,212.65,1633,5145,199,1294
256,555,0,41,212.05,1633,5153,199,1297
257,554,0,39,209.8,1635,5168,202,1301
258,560,0,41,210.1,1636,5177,204,1303
259,555,0,40,208.55,1638,5200,205,1308
260,556,0,38,206.8,1639,5217,205,1312
261,557,0,36,208.95,1640,5239,205,1312
262,562,0,30,208.1,1643,5255,206,1316
263,560,0,27,207.85,1645,5271,209,1318
264,560,0,25,204.55,1649,5292,209,1320
265,576,0,19,202.8,1650,5314,210,1326
266,572,0,21,201.95,1654,5327,212,1328
267,568,0,19,199.35,1656,5346,213,1328
268,570,0,21,199.2,1657,5364,214,1333
269,577,0,20,199,1661,5380,214,1335
270,568,0,20,201.65,1663,5401,216,1340
271,568,0,21,203.8,1668,5418,216,1345
272,565,0,24,204.78,1670,5430,217,1349
273,552,0,22,205.1,1672,5451,221,1353
274,559,0,18,206.45,1673,5462,222,1359
275,559,0,17,209.1,1674,5475,224,1362
276,546,0,16,207.97,1675,5495,225,1365
277,544,0,16,209.9,1676,5513,229,1370
278,538,0,18,213.05,1676,5531,230,1373
279,539,0,17,214.8,1679,5547,231,1376
280,544,0,14,219,1679,5560,232,1377
281,553,0,13,221.8,1679,5576,232,1380
282,553,0,13,222.4,1680,5585,232,1384
283,552,0,12,223.9,1683,5601,232,1387
284,552,0,12,226.85,1683,5623,232,1389
285,557,0,12,226.9,1684,5634,233,1394
286,556,0,15,227.15,1687,5651,235,1397
287,543,0,17,229.35,1691,5660,236,1403
288,546,0,16,232.25,1692,5674,237,1405
289,542,0,17,228.5,1696,5685,240,1411
290,536,0,14,229.15,1698,5704,241,1416
291,532,0,14,229,1699,5721,241,1419
292,538,0,17,229.75,1703,5732,241,1421
293,545,0,19,228.25,1703,5745,241,1422
294,546,0,19,222.9,1706,5759,243,1423
295,569,0,20,225.5,1709,5766,243,1430
296,559,0,21,225.7,1712,5785,245,1435
297,568,0,22,224.1,1714,5798,245,1438
298,567,0,22,226.6,1714,5813,246,1443
299,565,0,24,223.7,1715,5828,247,1448
300,577,0,21,221.75,1716,5845,248,1449
301,583,0,19,216.95,1718,5859,250,1454
302,586,0,19,217.15,1719,5871,255,1458
303,589,0,22,215.45,1721,5881,255,1459
304,592,0,24,211.45,1723,5901,257,1463
305,592,0,27,210.7,1724,5920,258,1465
306,594,0,28,204.75,1725,5935,259,1467
307,601,0,26,202.1,1725,5954,260,1470
308,607,0,24,202.95,1725,5969,262,1473
309,601,0,26,199.15,1725,5990,262,1477
310,598,0,25,198.6,1727,6005,265,1479
311,600,0,25,195.55,1728,6022,266,1485
312,605,0,24,193.45,1728,6037,266,1486
313,616,0,23,190.05,1728,6053,268,1487
314,630,0,23,186.3,1729,6071,269,1490
315,639,0,23,178.9,1731,6086,271,1495
316,649,0,25,179.25,1734,6102,272,1497
317,643,0,26,178.15,1739,6128,272,1499
318,632,0,26,177.4,1742,6150,274,1503
319,635,0,25,174.85,1743,6165,275,1506
320,651,0,25,171.05,1743,6179,275,1508
321,652,0,24,170.65,1744,6195,276,1510
322,645,0,24,170.4,1747,6213,276,1512
323,648,0,26,170.3,1747,6229,277,1512
324,647,0,29,166.75,1749,6241,279,1517
325,641,0,29,162.55,1751,6257,281,1523
326,636,0,31,160.9,1751,6279,282,1525
327,621,0,32,159.15,1754,6305,283,1530
328,629,0,30,159.5,1758,6319,283,1532
329,641,0,25,156.9,1760,6338,283,1537
330,640,0,22,156.2,1761,6359,283,1544
331,644,0,20,157.1,1762,6372,285,1548
332,631,0,19,157.05,1764,6388,286,1559
333,621,0,20,157.7,1765,6406,287,1563
334,609,0,20,157.45,1766,6426,287,1569
335,607,0,18,160.15,1766,6445,291,1574
336,620,0,16,161.9,1767,6464,291,1578
337,619,0,17,162.05,1770,6484,292,1581
338,618,0,20,162.17,1774,6493,292,1587
339,610,0,17,161.35,1778,6515,292,1592
340,606,0,15,161,1778,6540,293,1596
341,605,0,12,164.15,1780,6563,293,1601
342,611,0,13,164.15,1781,6578,294,1605
343,615,0,11,165.35,1781,6596,294,1607
344,621,0,14,163.65,1782,6606,296,1613
345,621,0,14,165.15,1783,6624,296,1615
346,613,0,15,165.25,1784,6637,296,1622
347,609,0,14,165.25,1786,6654,297,1625
348,605,0,14,163.6,1786,6673,299,1631
349,603,0,12,164.15,1786,6688,300,1637
350,604,0,13,165.75,1786,6700,303,1643
351,621,0,10,164.35,1787,6718,303,1646
352,604,0,8,163.75,1788,6744,305,1652
353,602,0,8,162.8,1788,6758,306,1656
354,592,0,6,163.45,1788,6781,307,1660
355,605,0,6,163.65,1788,6789,308,1666
356,615,0,6,162.55,1788,6796,308,1669
357,607,0,8,164.75,1789,6812,309,1672
358,605,0,8,163.2,1790,6826,312,1675
359,606,0,8,162.55,1790,6840,313,1679
360,612,0,8,161.7,1791,6852,314,1684
361,612,0,8,162.4,1792,6872,314,1685
362,623,0,9,163.2,1793,6881,315,1690
363,635,0,7,162.55,1793,6900,315,1692
364,634,0,6,161.3,1794,6917,316,1694
365,643,0,6,156.75,1794,6930,317,1695
366,650,0,6,159.5,1795,6946,317,1701
367,645,0,7,156.95,1797,6966,318,1705
368,636,0,5,155.5,1797,6986,318,1708
369,627,0,6,157.2,1799,7006,318,1712
370,624,0,6,156.5,1800,7026,318,1717
371,631,0,8,154.95,1800,7036,318,1722
372,630,0,9,154.25,1801,7052,318,1726
373,637,0,11,152.6,1801,7065,319,1731
374,638,0,12,153.25,1802,7072,321,1733
375,644,0,11,151.05,1803,7094,321,1735
376,652,0,12,151.5,1804,7107,321,1737
377,660,0,12,151.8,1804,7126,321,1740
378,654,0,8,152.85,1805,7143,321,1746
379,654,0,8,153,1805,7163,321,1748
380,653,0,6,155.2,1805,7175,323,1753
381,652,0,5,153.2,1805,7189,324,1760
382,654,0,5,153.15,1805,7201,326,1763
383,647,0,3,153.8,1805,7224,326,1769
384,634,0,2,154.9,1805,7243,326,1776
385,637,0,1,154.7,1806,7259,327,1780
386,635,0,1,156.65,1806,7270,327,1788
387,638,0,0,157.25,1806,7287,328,1791
388,644,0,0,153.7,1806,7307,328,1796
389,653,0,0,154.4,1806,7326,328,1802
390,628,0,0,153.6,1806,7350,331,1811
391,613,0,0,151.4,1806,7371,333,1818
392,615,0,0,151.4,1806,7385,333,1823
393,620,0,0,150.55,1806,7396,333,1826
394,628,0,0,150.75,1806,7406,337,1830
395,632,0,0,147.6,1806,7413,338,1836
396,639,0,0,148.5,1806,7424,339,1842
397,624,0,0,147.5,1806,7445,339,1850
398,628,0,0,149.9,1806,7461,340,1853
399,626,0,0,150.45,1806,7484,340,1858
400,622,0,0,148.6,1806,7501,341,1861
401,629,0,0,148.95,1806,7512,342,1864
402,630,0,0,149.25,1806,7527,343,1869
403,629,0,0,150.2,1806,7552,344,1878
404,627,0,0,149.1,1806,7573,345,1880
405,624,0,0,148.8,1806,7583,347,1887
406,623,0,0,148.2,1806,7607,348,1889
407,614,0,0,149.5,1806,7627,350,1897
408,626,0,0,146.85,1806,7641,352,1900
409,622,0,0,148.2,1806,7659,354,1902
410,613,0,0,150,1806,7680,355,1907
411,614,0,0,150.6,1806,7692,357,1911
412,619,0,0,152.65,1806,7705,358,1913
413,629,0,0,151.85,1806,7723,359,1914
414,630,0,0,150.3,1806,7741,359,1917
415,630,0,0,149.75,1806,7757,363,1922
416,634,0,0,151,1806,7769,363,1924
417,637,0,0,149.4,1806,7785,365,1929
418,644,0,0,147.8,1806,7801,366,1929
419,649,0,0,148,1806,7817,368,1932
420,654,0,0,148.85,1806,7829,371,1938
421,661,0,0,147.7,1806,7839,371,1943
422,654,0,0,147,1806,7854,371,1947
423,664,0,0,146.7,1806,7867,374,1949
424,670,0,0,146.15,1806,7877,376,1955
425,670,0,0,144.65,1806,7898,376,1958
426,664,0,0,142.85,1806,7923,377,1961
427,658,0,0,142.9,1806,7942,379,1965
428,648,0,0,144.4,1806,7966,381,1970
429,661,0,0,145,1806,7974,381,1976
430,653,0,0,143.35,1806,7993,383,1984
431,667,0,0,143.1,1806,8006,383,1987
432,666,0,0,144.25,1806,8017,383,1994
433,662,0,0,141.35,1806,8038,386,1999
434,661,0,0,142.1,1806,8050,388,2004
435,657,0,0,143.7,1806,8065,388,2012
436,660,0,0,142.8,1806,8079,389,2017
437,657,0,0,146.05,1806,8100,390,2019
438,648,0,0,145.65,1806,8112,392,2026
439,635,0,0,147.25,1806,8133,393,2032
440,636,0,0,146.65,1806,8147,397,2036
441,630,0,0,147.45,1806,8170,398,2042
442,628,0,0,146.05,1806,8193,398,2046
443,634,0,0,146.6,1806,8206,399,2051
444,638,0,0,146.25,1806,8216,399,2055
445,642,0,0,145.7,1806,8235,400,2058
446,638,0,0,146.15,1806,8253,401,2065
447,636,0,0,145.4,1806,8271,402,2068
448,637,0,0,143.55,1806,8287,405,2071
449,633,0,0,144.9,1806,8307,406,2073
450,639,0,0,144.45,1806,8321,406,2075
451,634,0,0,145.2,1806,8334,406,2079
452,645,0,0,144.7,1806,8344,408,2083
453,646,0,0,144.9,1806,8357,408,2085
454,641,0,0,145.65,1806,8372,408,2093
455,629,0,0,145.75,1806,8392,408,2097
456,626,0,0,148.85,1806,8415,409,2101
457,620,0,0,149.75,1806,8433,411,2104
458,619,0,0,148.95,1806,8449,412,2110
459,608,0,0,151.2,1806,8461,413,2116
460,598,0,0,151.9,1806,8475,416,2121
461,596,0,0,155.3,1806,8492,418,2131
462,603,0,0,155.05,1806,8504,418,2134
463,601,0,0,155.55,1806,8522,419,2138
464,612,0,0,155.7,1806,8535,421,2144
465,605,0,0,154.75,1806,8555,421,2148
466,607,0,0,153.05,1806,8564,423,2152
467,609,0,0,151.75,1806,8579,423,2160
468,610,0,0,153.6,1806,8593,423,2166
469,611,0,0,152.45,1806,8613,423,2168
470,615,0,0,151.5,1806,8627,425,2173
471,615,0,0,148.8,1806,8646,427,2175
472,630,0,0,151.4,1806,8661,427,2179
473,628,0,0,153.35,1806,8673,429,2182
474,630,0,0,151.05,1806,8689,430,2186
475,633,0,0,149.3,1806,8703,430,2187
476,640,0,0,151.05,1806,8718,432,2192
477,639,0,0,150.6,1806,8738,432,2195
478,649,0,0,153.85,1806,8746,432,2200
479,656,0,0,152.45,1806,8751,434,2204
480,645,0,0,151.6,1806,8768,438,2210
481,641,0,0,151.65,1806,8784,439,2213
482,642,0,0,152.6,1806,8802,440,2215
483,649,0,0,151.95,1806,8814,440,2218
484,648,0,0,150.55,1806,8831,440,2222
485,653,0,0,154.3,1806,8849,441,2228
486,648,0,0,153.2,1806,8869,441,2233
487,655,0,0,154.85,1806,8885,441,2238
488,667,0,0,151.85,1806,8897,441,2244
489,662,0,0,151.6,1806,8912,443,2245
490,661,0,0,151.5,1806,8933,444,2254
491,649,0,0,149.9,1806,8953,447,2261
492,652,0,0,150.9,1806,8971,448,2264
493,649,0,0,150.25,1806,8985,449,2267
494,654,0,0,148.65,1806,8998,450,2277
495,653,0,0,151.85,1806,9020,451,2279
496,652,0,0,151.2,1806,9037,452,2285
497,653,0,0,151.85,1806,9056,452,2289
498,649,0,0,151.75,1806,9070,455,2293
499,642,0,0,151.9,1806,9096,457,2297
500,633,0,0,152.85,1806,9108,461,2304
501,633,0,0,153.2,1806,9123,463,2310
502,637,0,0,153.8,1806,9137,463,2311
503,641,0,0,154.35,1806,9149,464,2317
504,650,0,0,154.55,1806,9161,465,2322
505,659,0,0,157.45,1806,9177,465,2326
506,668,0,0,155.95,1806,9193,465,2331
507,667,0,0,156,1806,9205,467,2334
508,673,0,0,158.15,1806,9213,468,2339
509,670,0,0,154.65,1806,9234,469,2342
510,662,0,0,154.2,1806,9255,470,2345
511,656,0,0,152.9,1806,9270,471,2351
512,664,0,0,149.75,1806,9290,472,2353
513,658,0,0,148.2,1806,9310,475,2362
514,654,0,0,148.75,1806,9327,475,2364
515,655,0,0,146.3,1806,9339,476,2370
516,654,0,0,145.7,1806,9354,478,2374
517,670,0,0,143.9,1806,9368,479,2378
518,669,0,0,144.2,1806,9384,480,2380
519,670,0,0,144.45,1806,9398,483,2384
520,679,0,0,141.05,1806,9415,485,2387
521,677,0,0,137.65,1806,9435,485,2394
522,663,0,0,137.1,1806,9452,486,2402
523,659,0,0,137.35,1806,9470,487,2409
524,649,0,0,140.5,1806,9489,487,2417
525,649,0,0,140.65,1806,9498,488,2426
526,652,0,0,140.2,1806,9509,489,2429
527,643,0,0,139.15,1806,9527,491,2436
528,639,0,0,138.35,1806,9543,494,2437
529,644,0,0,137.55,1806,9562,498,2441
530,635,0,0,136.4,1806,9579,498,2448
531,639,0,0,137.45,1806,9592,499,2451
532,629,0,0,139.75,1806,9609,501,2455
533,621,0,0,140.65,1806,9632,502,2458
534,623,0,0,143.2,1806,9649,504,2459
535,621,0,0,144.25,1806,9667,504,2463
536,616,0,0,143.15,1806,9682,505,2468
537,613,0,0,146.35,1806,9700,506,2471
538,613,0,0,146.7,1806,9717,507,2474
539,603,0,0,145.1,1806,9735,508,2480
540,603,0,0,145.15,1806,9752,508,2484
541,600,0,0,144.45,1806,9767,509,2490
542,598,0,0,145.2,1806,9777,510,2497
543,604,0,0,147.2,1806,9791,510,2502
544,597,0,0,146.95,1806,9808,510,2504
545,602,0,0,149.2,1806,9824,511,2506
546,608,0,0,149.85,1806,9845,511,2510
547,605,0,0,149.9,1806,9861,511,2516
548,603,0,0,153.75,1806,9877,511,2518
549,607,0,0,155.25,1806,9891,512,2522
550,622,0,0,156.2,1806,9902,513,2524
551,632,0,0,156.55,1806,9917,514,2529
552,635,0,0,158.75,1806,9930,514,2532
553,631,0,0,158.7,1806,9947,515,2538
554,631,0,0,159.9,1806,9962,515,2542
555,637,0,0,157.7,1806,9972,515,2550
556,638,0,0,160.4,1806,9984,515,2553
557,639,0,0,158.7,1806,10000,515,2559
558,636,0,0,158.1,1806,10017,515,2563
559,648,0,0,158.05,1806,10031,517,2567
560,650,0,0,158.1,1806,10047,517,2570
561,646,0,0,157.6,1806,10061,522,2575
562,648,0,0,157.6,1806,10075,522,2578
563,655,0,0,156,1806,10085,524,2584
564,651,0,0,157.15,1806,10098,526,2587
565,665,0,0,155.35,1806,10111,527,2594
566,656,0,0,153.45,1806,10133,528,2599
567,647,0,0,149.8,1806,10155,528,2602
568,636,0,0,152.5,1806,10167,529,2609
569,637,0,0,148,1806,10181,529,2619
570,638,0,0,150.45,1806,10199,529,2623
571,640,0,0,150.2,1806,10218,531,2627
572,643,0,0,148.7,1806,10235,531,2630
573,638,0,0,149.35,1806,10251,533,2633
574,638,0,0,150.35,1806,10265,534,2638
575,648,0,0,148.3,1806,10275,534,2645
576,645,0,0,149.25,1806,10287,535,2648
577,643,0,0,146.85,1806,10301,535,2655
578,636,0,0,146.8,1806,10320,535,2659
579,647,0,0,145.85,1806,10331,536,2662
580,644,0,0,144.8,1806,10353,537,2665
581,644,0,0,144.25,1806,10368,538,2671
582,643,0,0,142.95,1806,10381,539,2674
583,657,0,0,141.85,1806,10394,539,2680
584,650,0,0,140.15,1806,10418,540,2682
585,658,0,0,139.55,1806,10440,542,2684
586,660,0,0,139.55,1806,10455,543,2687
587,653,0,0,142.85,1806,10469,548,2696
588,659,0,0,140.5,1806,10486,550,2698
589,657,0,0,143.45,1806,10505,552,2701
590,651,0,0,143.75,1806,10528,552,2707
591,646,0,0,142.45,1806,10549,553,2710
592,642,0,0,142.45,1806,10564,554,2717
593,636,0,0,144,1806,10582,556,2720
594,634,0,0,142.3,1806,10597,559,2724
595,641,0,0,141.5,1806,10604,559,2727
596,656,0,0,140.75,1806,10611,559,2731
597,645,0,0,139.05,1806,10631,560,2738
598,648,0,0,138.75,1806,10642,562,2742
599,657,0,0,136.9,1806,10655,563,2745
600,669,0,0,137.8,1806,10668,564,2746
601,656,0,0,140.85,1806,10693,565,2754
602,666,0,0,138,1806,10706,566,2756
603,672,0,0,137.15,1806,10717,571,2764
604,662,0,0,137.95,1806,10730,573,2772
605,663,0,0,138.85,1806,10748,573,2775
606,660,0,0,136.95,1806,10762,574,2781
607,658,0,0,133.95,1806,10779,574,2785
608,650,0,0,132.8,1806,10797,574,2788
609,646,0,0,130.65,1806,10821,575,2788
610,649,0,0,131,1806,10833,575,2791
611,666,0,0,129.5,1806,10846,576,2796
612,678,0,0,129,1806,10856,578,2798
613,677,0,0,127.15,1806,10874,578,2802
614,673,0,0,128.2,1806,10887,582,2808
615,672,0,0,126.3,1806,10905,583,2812
616,684,0,0,127.25,1806,10922,585,2816
617,680,0,0,129.5,1806,10937,586,2825
618,684,0,0,126.6,1806,10952,586,2831
619,675,0,0,126.75,1806,10968,587,2837
620,674,0,0,126.5,1806,10980,588,2842
621,665,0,0,127.9,1806,11002,590,2847
622,674,0,0,128.1,1806,11020,590,2849
623,669,0,0,125.1,1806,11036,594,2851
624,676,0,0,124.95,1806,11048,595,2855
625,680,0,0,124.55,1806,11061,596,2858
626,674,0,0,124.3,1806,11081,596,2861
627,685,0,0,123.2,1806,11093,597,2862
628,687,0,0,123.7,1806,11108,599,2864
629,683,0,0,124,1806,11131,600,2870
630,680,0,0,123.55,1806,11149,601,2877
631,692,0,0,125.4,1806,11161,603,2881
632,689,0,0,126.6,1806,11176,606,2884
633,681,0,0,125.7,1806,11195,606,2889
634,690,0,0,125.05,1806,11209,606,2891
635,678,0,0,125.8,1806,11230,607,2895
636,671,0,0,126.45,1806,11246,608,2902
637,667,0,0,126.55,1806,11263,610,2905
638,657,0,0,127.75,1806,11280,611,2911
639,659,0,0,129.55,1806,11292,613,2916
640,649,0,0,127.25,1806,11316,613,2921
641,643,0,0,129.85,1806,11330,614,2927
642,633,0,0,129.25,1806,11352,615,2931
643,643,0,0,131,1806,11362,618,2936
644,634,0,0,131,1806,11381,619,2945
645,632,0,0,130.2,1806,11400,619,2952
646,631,0,0,129.65,1806,11418,621,2957
647,614,0,0,132,1806,11442,623,2964
648,604,0,0,134.3,1806,11461,624,2967
649,615,0,0,135.35,1806,11471,625,2971
650,600,0,0,136.95,1806,11493,625,2973
651,594,0,0,141.2,1806,11508,626,2976
652,604,0,0,143.4,1806,11517,628,2984
653,601,0,0,143.75,1806,11530,628,2990
654,596,0,0,147.55,1806,11547,628,2995
655,593,0,0,148.3,1806,11557,629,2999
656,588,0,0,149.5,1806,11567,633,3002
657,576,0,0,151.2,1806,11585,634,3008
658,573,0,0,151,1806,11600,635,3011
659,578,0,0,151.6,1806,11616,636,3015
660,579,0,0,152.9,1806,11630,637,3020
661,565,0,0,154.95,1806,11648,639,3023
662,557,0,0,155.85,1806,11664,641,3029
663,548,0,0,157.85,1806,11678,643,3033
664,550,0,0,160.95,1806,11688,644,3035
665,554,0,0,163.25,1806,11699,646,3039
666,559,0,0,167.05,1806,11708,649,3042
667,565,0,0,170.7,1806,11723,650,3044
668,552,0,0,169.75,1806,11744,652,3048
669,562,0,0,172.8,1806,11760,653,3050
670,562,0,0,173.3,1806,11771,653,3056
671,567,0,0,175.4,1806,11786,653,3062
672,561,0,0,175.25,1806,11803,654,3064
673,561,0,0,179.15,1806,11815,656,3068
674,565,0,0,178.35,1806,11832,656,3071
675,565,0,0,178.35,1806,11848,657,3072
676,576,0,0,179.45,1806,11858,657,3075
677,570,0,0,178.9,1806,11878,661,3081
678,572,0,0,178.85,1806,11890,662,3086
679,578,0,0,179.35,1806,11899,662,3087
680,575,0,0,178.2,1806,11913,663,3091
681,576,0,0,182.55,1806,11933,664,3095
682,584,0,0,179.9,1806,11949,665,3097
683,583,0,0,178.8,1806,11977,667,3101
684,584,0,0,177.95,1806,11996,669,3103
685,594,0,0,175.3,1806,12008,670,3105
686,600,0,0,176.35,1806,12019,672,3108
687,592,0,0,172.3,1806,12038,674,3109
688,598,0,0,172.55,1806,12055,676,3109
689,607,0,0,171.2,1806,12064,677,3114
690,607,0,0,170.55,1806,12081,678,3116
691,606,0,0,169.1,1806,12094,680,3117
692,616,0,0,169.2,1806,12111,680,3120
693,616,0,0,167.95,1806,12131,683,3124
694,612,0,0,168.5,1806,12145,685,3129
695,620,0,0,168.6,1806,12163,685,3135
696,620,0,0,166.45,1806,12180,688,3136
697,631,0,0,172.45,1806,12191,688,3139
698,638,0,0,172.35,1806,12202,688,3144
699,648,0,0,170.95,1806,12213,691,3148
700,637,0,0,171.75,1806,12229,692,3155
701,647,0,0,170.25,1806,12242,692,3158
702,661,0,0,171.6,1806,12253,694,3161
703,667,0,0,168.1,1806,12265,695,3164
704,666,0,0,167.15,1806,12278,699,3169
705,666,0,0,167.5,1806,12293,701,3173
706,665,0,0,165.6,1806,12312,701,3175
707,665,0,0,165.35,1806,12326,701,3180
708,667,0,0,159.85,1806,12339,701,3187
709,674,0,0,158.2,1806,12351,701,3192
710,665,0,0,155.75,1806,12373,703,3198
711,675,0,0,151.65,1806,12388,706,3203
712,679,0,0,154.4,1806,12405,707,3206
713,668,0,0,152.2,1806,12430,709,3208
714,684,0,0,150.35,1806,12438,710,3214
715,683,0,0,147.65,1806,12451,711,3219
716,687,0,0,147.5,1806,12468,711,3225
717,678,0,0,144.5,1806,12488,711,3229
718,676,0,0,144.3,1806,12501,713,3233
719,672,0,0,139.85,1806,12510,714,3238
720,695,0,0,139.2,1806,12520,715,3246
721,693,0,0,137.7,1806,12540,716,3251
722,681,0,0,135.5,1806,12559,717,3258
723,681,0,0,139,1806,12578,717,3262
724,688,0,0,137.55,1806,12593,717,3266
725,689,0,0,138.3,1806,12616,717,3270
726,684,0,0,135.7,1806,12641,718,3274
727,693,0,0,137.45,1806,12655,719,3277
728,695,0,0,137.85,1806,12669,720,3282
729,696,0,0,135.4,1806,12688,721,3287
730,695,0,0,134.65,1806,12701,722,3292
731,686,0,0,132.5,1806,12718,723,3299
732,688,0,0,134,1806,12731,725,3305
733,677,0,0,134.15,1806,12753,727,3311
734,671,0,0,135.55,1806,12770,728,3319
735,666,0,0,136.35,1806,12787,728,3326
736,669,0,0,134.55,1806,12798,729,3331
737,671,0,0,135.5,1806,12814,729,3335
738,657,0,0,134.2,1806,12831,729,3348
739,658,0,0,133.85,1806,12843,729,3352
740,651,0,0,134,1806,12860,731,3357
741,645,0,0,134.45,1806,12875,731,3361
742,644,0,0,131.05,1806,12890,733,3366
743,633,0,0,130.15,1806,12903,734,3371
744,625,0,0,132.3,1806,12918,735,3376
745,616,0,0,132.7,1806,12932,735,3391
746,604,0,0,133.9,1806,12950,736,3400
747,598,0,0,134.75,1806,12965,737,3406
748,591,0,0,137.85,1806,12981,738,3413
749,584,0,0,136.7,1806,12990,739,3422
750,587,0,0,139.6,1806,13000,739,3429
751,575,0,0,140.15,1806,13016,740,3438
752,580,0,0,140.5,1806,13027,741,3440
753,577,0,0,142.05,1806,13045,741,3447
754,578,0,0,141.7,1806,13057,742,3452
755,575,0,0,143.35,1806,13068,742,3458
756,572,0,0,143.55,1806,13090,744,3462
757,572,0,0,144.35,1806,13107,744,3467
758,585,0,0,146.5,1806,13118,745,3469
759,600,0,0,149.35,1806,13125,746,3472
760,602,0,0,150.6,1806,13139,747,3474
761,609,0,0,151.25,1806,13149,747,3478
762,610,0,0,152.15,1806,13168,747,3480
763,610,0,0,153.55,1806,13187,747,3485
764,599,0,0,156.75,1806,13206,749,3492
765,594,0,0,155.35,1806,13218,749,3496
766,601,0,0,156.25,1806,13233,750,3499
767,600,0,0,157.35,1806,13256,751,3500
768,605,0,0,159.2,1806,13273,751,3504
769,610,0,0,161.1,1806,13290,751,3508
770,616,0,0,158.7,1806,13306,752,3511
771,629,0,0,158.5,1806,13323,754,3512
772,641,0,0,156.15,1806,13338,755,3516
773,656,0,0,155.5,1806,13349,758,3520
774,652,0,0,153.2,1806,13365,758,3524
775,641,0,0,153.2,1806,13384,760,3527
776,645,0,0,151.65,1806,13402,760,3529
777,643,0,0,149.55,1806,13419,760,3534
778,653,0,0,146.9,1806,13434,761,3537
779,662,0,0,146.95,1806,13449,762,3541
780,664,0,0,148.75,1806,13462,765,3545
781,657,0,0,149.05,1806,13476,765,3550
782,661,0,0,148.1,1806,13494,766,3553
783,645,0,0,149.75,1806,13521,766,3557
784,641,0,0,148.95,1806,13542,767,3563
785,633,0,0,149.6,1806,13561,769,3567
786,630,0,0,147.65,1806,13578,770,3573
787,626,0,0,149.05,1806,13595,771,3578
788,636,0,0,144,1806,13609,772,3582
789,632,0,0,146.1,1806,13623,775,3587
790,626,0,0,146.05,1806,13636,776,3591
791,612,0,0,146.55,1806,13663,776,3598
792,601,0,0,149.1,1806,13683,776,3604
793,600,0,0,148.05,1806,13700,776,3608
794,614,0,0,151.1,1806,13711,777,3614
795,618,0,0,152.15,1806,13722,779,3618
796,611,0,0,153.75,1806,13743,780,3624
797,603,0,0,154.65,1806,13755,781,3631
798,605,0,0,158,1806,13764,782,3637
799,611,0,0,158.75,1806,13781,782,3638
800,608,0,0,159.55,1806,13793,786,3645
801,615,0,0,162.15,1806,13805,788,3647
802,617,0,0,162.2,1806,13818,789,3655
803,627,0,0,159.35,1806,13833,789,3660
804,618,0,0,161.5,1806,13847,791,3666
805,624,0,0,161.85,1806,13858,791,3672
806,622,0,0,162.1,1806,13874,791,3677
807,614,0,0,162.5,1806,13894,792,3680
808,614,0,0,164.35,1806,13909,794,3684
809,606,0,0,162.9,1806,13923,796,3688
810,610,0,0,163.8,1806,13933,797,3690
811,609,0,0,165,1806,13953,800,3691
812,611,0,0,166.95,1806,13964,800,3696
813,620,0,0,165.45,1806,13977,800,3700
814,623,0,0,165,1806,13991,801,3706
815,636,0,0,164.95,1806,14007,801,3710
816,643,0,0,164.8,1806,14020,801,3712
817,630,0,0,165.55,1806,14043,804,3717
818,629,0,0,166.25,1806,14062,806,3721
819,613,0,0,167.55,1806,14085,806,3728
820,618,0,0,169.5,1806,14095,806,3730
821,613,0,0,170.4,1806,14113,807,3735
822,617,0,0,169.55,1806,14129,808,3737
823,608,0,0,170.85,1806,14147,810,3745
824,612,0,0,169.65,1806,14162,810,3748
825,605,0,0,169.8,1806,14186,812,3751
826,615,0,0,173.1,1806,14207,813,3754
827,621,0,0,172.95,1806,14217,813,3755
828,620,0,0,170.65,1806,14230,815,3761
829,618,0,0,169.3,1806,14245,817,3767
830,613,0,0,168.75,1806,14263,818,3770
831,621,0,0,169.85,1806,14273,820,3772
832,646,0,0,168.5,1806,14280,821,3774
833,641,0,0,168.15,1806,14294,822,3783
834,649,0,0,167.95,1806,14312,823,3786
835,647,0,0,163.2,1806,14326,823,3793
836,660,0,0,159.2,1806,14337,824,3796
837,655,0,0,159.1,1806,14352,826,3802
838,670,0,0,158.45,1806,14370,826,3806
839,675,0,0,158.05,1806,14386,829,3806
840,668,0,0,154.5,1806,14407,829,3813
841,663,0,0,152.35,1806,14427,830,3817
842,662,0,0,151.7,1806,14440,831,3824
843,663,0,0,154,1806,14459,832,3828
844,667,0,0,151.75,1806,14473,833,3837
845,673,0,0,150.9,1806,14487,833,3839
846,654,0,0,148.4,1806,14507,834,3850
847,662,0,0,146.9,1806,14524,834,3858
848,661,0,0,145.2,1806,14543,836,3861
849,671,0,0,143.25,1806,14563,836,3863
850,672,0,0,146,1806,14582,836,3869
851,669,0,0,144.15,1806,14593,838,3874
852,673,0,0,141.75,1806,14606,839,3878
853,676,0,0,141.15,1806,14626,840,3883
854,655,0,0,139.45,1806,14655,841,3888
855,657,0,0,137.05,1806,14677,841,3892
856,654,0,0,137.5,1806,14695,843,3898
857,661,0,0,138.5,1806,14703,843,3903
858,653,0,0,137.3,1806,14733,844,3904
859,656,0,0,135.4,1806,14747,845,3906
860,660,0,0,135.95,1806,14765,845,3911
861,665,0,0,135.5,1806,14780,845,3915
862,660,0,0,137.25,1806,14799,845,3921
863,664,0,0,135.5,1806,14819,846,3926
864,681,0,0,134.25,1806,14828,848,3927
865,686,0,0,133.9,1806,14837,848,3933
866,672,0,0,132.3,1806,14857,849,3941
867,667,0,0,132.15,1806,14874,850,3945
868,660,0,0,130.1,1806,14895,851,3948
869,658,0,0,132.45,1806,14907,852,3953
870,663,0,0,132,1806,14925,853,3957
871,658,0,0,130.5,1806,14944,853,3961
872,669,0,0,129.8,1806,14958,854,3965
873,671,0,0,130,1806,14970,856,3971
874,664,0,0,130.15,1806,14986,858,3976
875,672,0,0,128.3,1806,15003,859,3977
876,667,0,0,129.15,1806,15016,863,3981
877,666,0,0,132.05,1806,15029,866,3986
878,668,0,0,131,1806,15040,868,3994
879,671,0,0,130,1806,15055,870,3997
880,670,0,0,129.35,1806,15068,872,4001
881,673,0,0,129.3,1806,15091,873,4004
882,663,0,0,127.9,1806,15112,873,4008
883,651,0,0,126.25,1806,15132,873,4012
884,647,0,0,126.7,1806,15146,873,4019
885,655,0,0,126.15,1806,15161,875,4024
886,658,0,0,125.25,1806,15180,877,4028
887,647,0,0,124.95,1806,15198,877,4035
888,646,0,0,125.65,1806,15216,878,4042
889,652,0,0,126.35,1806,15224,879,4045
890,649,0,0,127.9,1806,15235,879,4054
891,645,0,0,127.3,1806,15247,882,4058
892,653,0,0,129.05,1806,15259,882,4066
893,643,0,0,130.45,1806,15276,884,4073
894,632,0,0,131.3,1806,15293,884,4081
895,638,0,0,132,1806,15305,885,4085
896,637,0,0,132.7,1806,15316,887,4093
897,621,0,0,134.45,1806,15341,889,4100
898,620,0,0,133.3,1806,15355,890,4105
899,614,0,0,132.65,1806,15370,890,4114
900,612,0,0,132.75,1806,15386,892,4117
901,605,0,0,135.45,1806,15405,893,4121
902,609,0,0,134.55,1806,15417,893,4128
903,612,0,0,137.15,1806,15431,895,4131
904,613,0,0,138.25,1806,15444,895,4134
905,619,0,0,138.25,1806,15455,895,4137
906,607,0,0,139.7,1806,15474,897,4144
907,604,0,0,139.45,1806,15489,898,4148
908,602,0,0,141.1,1806,15501,898,4153
909,615,0,0,142.75,1806,15515,899,4156
910,614,0,0,141.95,1806,15530,901,4161
911,607,0,0,140.8,1806,15549,902,4163
912,618,0,0,140.15,1806,15559,904,4163
913,620,0,0,140.7,1806,15569,906,4167
914,620,0,0,142.65,1806,15584,907,4175
915,607,0,0,143.15,1806,15606,907,4179
916,603,0,0,143.6,1806,15620,907,4186
917,614,0,0,141.9,1806,15634,907,4188
918,621,0,0,139.25,1806,15650,907,4192
919,617,0,0,140.5,1806,15667,908,4197
920,620,0,0,139.1,1806,15681,910,4203
921,632,0,0,139.95,1806,15693,910,4203
922,638,0,0,142.6,1806,15706,914,4205
923,646,0,0,141.75,1806,15723,915,4208
924,648,0,0,138.3,1806,15736,917,4210
925,650,0,0,139.8,1806,15752,917,4214
926,650,0,0,138.65,1806,15765,917,4218
927,655,0,0,139.65,1806,15778,919,4226
928,656,0,0,142.5,1806,15795,922,4231
929,652,0,0,141.9,1806,15813,925,4234
930,663,0,0,143.45,1806,15821,927,4240
931,668,0,0,144.05,1806,15834,930,4246
932,662,0,0,142.55,1806,15848,931,4253
933,652,0,0,141.45,1806,15868,931,4258
934,657,0,0,137.95,1806,15886,932,4264
935,652,0,0,137.85,1806,15909,932,4272
936,660,0,0,136.55,1806,15922,933,4276
937,661,0,0,140.9,1806,15939,934,4281
938,661,0,0,140.55,1806,15954,935,4288
939,649,0,0,139.45,1806,15973,936,4292
940,633,0,0,138.3,1806,15989,938,4299
941,632,0,0,137.75,1806,16006,941,4305
942,645,0,0,138.85,1806,16024,941,4307
943,658,0,0,137.7,1806,16037,941,4310
944,660,0,0,139.3,1806,16051,942,4315
945,663,0,0,140.45,1806,16061,943,4321
946,659,0,0,137.5,1806,16083,943,4324
947,650,0,0,139.05,1806,16104,947,4329
948,641,0,0,135.65,1806,16125,947,4339
949,649,0,0,137.05,1806,16142,948,4342
950,646,0,0,139.35,1806,16161,949,4346
951,646,0,0,136.2,1806,16176,949,4350
952,635,0,0,139.5,1806,16192,949,4358
953,632,0,0,138.1,1806,16200,949,4361
954,627,0,0,139.75,1806,16209,950,4371
955,626,0,0,139.05,1806,16224,950,4377
956,622,0,0,139.55,1806,16243,950,4382
957,640,0,0,139.1,1806,16263,950,4385
958,630,0,0,143.25,1806,16278,952,4386
959,630,0,0,143,1806,16291,954,4393
960,630,0,0,141,1806,16307,954,4396
961,623,0,0,140.95,1806,16317,957,4403
962,636,0,0,138.95,1806,16331,957,4405
963,645,0,0,139.75,1806,16340,958,4414
964,646,0,0,140.05,1806,16352,958,4417
965,653,0,0,140.9,1806,16361,958,4419
966,644,0,0,139.55,1806,16383,959,4426
967,643,0,0,140.8,1806,16399,960,4430
968,644,0,0,138.8,1806,16418,960,4437
969,638,0,0,138.15,1806,16430,962,4448
970,650,0,0,138.15,1806,16439,962,4453
971,651,0,0,137.15,1806,16449,962,4455
972,645,0,0,136.6,1806,16466,965,4459
973,642,0,0,135.65,1806,16486,965,4462
974,641,0,0,135.3,1806,16503,966,4467
975,638,0,0,135.05,1806,16515,967,4475
976,644,0,0,134.1,1806,16528,968,4478
977,642,0,0,135.15,1806,16539,969,4482
978,658,0,0,137.15,1806,16555,970,4484
979,666,0,0,138.25,1806,16568,970,4489
980,661,0,0,140.1,1806,16580,972,4494
981,639,0,0,140.95,1806,16600,973,4505
982,641,0,0,141.8,1806,16615,975,4507
983,631,0,0,142.75,1806,16637,977,4511
984,643,0,0,143.45,1806,16648,977,4513
985,644,0,0,141.95,1806,16664,979,4515
986,649,0,0,142.65,1806,16669,980,4524
987,653,0,0,139.75,1806,16680,981,4526
988,654,0,0,141.55,1806,16696,981,4531
989,669,0,0,143,1806,16710,981,4532
990,662,0,0,143,1806,16726,982,4535
991,662,0,0,141.3,1806,16744,982,4538
992,655,0,0,141.2,1806,16763,983,4543
993,656,0,0,140.65,1806,16779,983,4549
994,653,0,0,139.8,1806,16796,984,4554
995,654,0,0,141.1,1806,16810,985,4560
996,655,0,0,138.15,1806,16821,987,4565
997,667,0,0,136.95,1806,16830,988,4568
998,660,0,0,137.65,1806,16848,989,4571
999,675,0,0,135.75,1806,16857,990,4573
