Tick,Bandicoots,Invaders,Foxes,Grass_Health_Index,Total_Bandicoots_Eaten,Trap_Deaths,Old_Age_Deaths,Hunger_Deaths
0,189,0,199,472.98,14,7,0,0
1,174,0,196,459.72,44,17,4,1
2,163,0,200,459.89,63,22,11,2
3,167,0,206,455.9,80,27,13,3
4,172,0,208,458.48,88,39,19,4
5,170,0,213,460.16,104,47,24,7
6,168,0,208,459.88,117,58,31,10
7,163,0,208,462.81,126,66,36,13
8,165,0,204,469.07,135,75,41,14
9,158,0,211,471.95,148,85,44,14
10,164,0,209,476.22,157,91,48,17
11,175,0,203,480.48,165,99,52,19
12,181,0,200,481.13,173,110,54,20
13,190,0,203,487.32,183,117,59,20
14,192,0,210,490.54,193,121,62,20
15,194,0,208,494.09,205,131,64,20
16,187,0,203,496.53,221,140,69,21
17,189,0,202,500.13,228,152,72,23
18,200,0,202,503.26,233,159,72,25
19,192,0,209,508.3,245,167,73,25
20,196,0,210,510.77,250,172,76,28
21,210,0,208,510.88,256,178,79,35
22,210,0,199,516.33,269,190,85,41
23,206,0,190,520.88,280,200,87,51
24,209,0,187,524.98,290,204,87,59
25,200,0,180,531.63,299,216,89,68
26,222,0,187,533.29,301,223,90,70
27,229,0,186,535.53,306,227,91,74
28,235,0,183,538.14,311,234,92,80
29,235,0,177,536.66,321,244,94,83
30,244,0,175,538.86,327,258,94,86
31,251,0,172,541.97,334,270,95,89
32,252,0,171,541.92,341,277,95,92
33,266,0,162,544.42,350,284,96,98
34,264,0,159,547.95,359,295,96,100
35,268,0,157,545.63,373,302,99,105
36,267,0,160,548.71,386,310,100,110
37,269,0,160,547.46,400,318,100,113
38,274,0,157,545.76,404,324,100,123
39,266,0,159,548.36,417,328,103,128
40,282,0,157,544.06,423,330,103,131
41,291,0,159,543.93,430,335,103,135
42,286,0,154,544.68,442,350,104,140
43,298,0,157,541.15,448,361,104,141
44,291,0,156,539.44,460,378,106,145
45,295,0,147,537.8,465,394,109,154
46,296,0,154,539.2,473,404,110,155
47,301,0,144,538.02,483,426,110,159
48,299,0,147,531.6,494,433,110,161
49,306,0,149,527.34,503,442,112,167
50,326,0,152,521.24,507,455,112,172
51,329,0,154,517.99,519,467,114,173
52,334,0,158,510.51,532,478,114,174
53,342,0,163,507.44,540,489,114,176
54,345,0,169,504.46,552,495,114,179
55,350,0,180,501.77,561,504,115,183
56,362,0,179,494.38,568,514,115,187
57,387,0,187,491.71,578,518,115,188
58,400,0,191,489.99,587,529,116,191
59,413,0,191,482.68,598,536,118,196
60,416,0,192,477.95,610,553,120,199
61,416,0,193,477.6,619,563,120,202
62,419,0,190,475.9,634,580,121,203
63,422,0,183,472.93,642,598,123,210
64,436,0,184,472.22,660,610,124,214
65,443,0,176,466.28,672,628,124,218
66,431,0,181,464.45,684,648,124,220
67,439,0,171,462.59,692,670,127,224
68,436,0,172,462.88,699,691,127,228
69,443,0,183,460.16,712,702,127,233
70,448,0,182,457.93,720,714,127,239
71,450,0,184,453.27,728,726,129,242
72,445,0,184,446.82,745,740,129,248
73,446,0,181,444.08,755,756,129,253
74,464,0,175,441.14,762,767,130,258
75,472,0,174,434.36,770,791,130,261
76,480,0,175,434.05,779,810,130,264
77,486,0,177,431.8,786,823,130,272
78,491,0,170,423.92,795,840,130,277
79,501,0,171,417.08,808,856,130,281
80,503,0,174,413.74,815,870,131,288
81,507,0,176,413.49,829,886,131,291
82,511,0,178,409.9,838,908,133,294
83,500,0,182,405.34,852,926,133,299
84,511,0,183,400.64,862,942,135,302
85,514,0,191,399.82,883,947,135,303
86,528,0,192,398.1,893,960,136,307
87,527,0,193,392.06,907,974,137,311
88,521,0,196,389.82,921,987,138,322
89,534,0,196,388.89,934,1002,138,326
90,526,0,197,391.55,951,1016,138,331
91,525,0,203,390.46,962,1029,139,336
92,523,0,210,387.41,974,1042,139,344
93,513,0,218,385.72,988,1057,139,350
94,525,0,228,385.25,997,1066,139,357
95,527,0,221,378.65,1009,1096,139,360
96,527,0,213,373.03,1019,1123,139,364
97,513,0,208,370,1034,1151,140,367
98,508,0,206,367.72,1046,1177,140,374
99,509,0,204,366.53,1057,1189,143,379
100,512,0,200,358.5,1074,1210,143,385
101,537,0,204,352.5,1083,1219,143,391
102,548,0,204,349.93,1089,1227,143,400
103,560,0,204,348.83,1101,1243,143,405
104,571,0,207,343.98,1114,1255,143,411
105,578,0,205,346.88,1124,1265,144,415
106,574,0,210,347.05,1132,1277,145,420
107,590,0,206,344.49,1145,1291,148,426
108,590,0,205,340.89,1160,1306,150,431
109,591,0,207,340.1,1175,1327,150,435
110,600,0,199,338.56,1180,1341,150,441
111,604,0,196,336.02,1192,1360,151,445
112,597,0,193,337.02,1207,1378,152,448
113,588,0,193,339.06,1216,1388,153,458
114,584,0,192,338.48,1235,1402,153,464
115,590,0,194,338.18,1240,1416,154,476
116,586,0,186,334.76,1247,1430,156,487
117,591,0,177,332.42,1259,1450,157,497
118,585,0,170,327.84,1269,1475,158,512
119,579,0,170,326.42,1280,1488,159,518
120,579,0,168,324.87,1292,1505,159,530
121,592,0,162,321.04,1307,1519,159,535
122,597,0,158,316.55,1317,1532,159,542
123,606,0,170,314.6,1329,1543,160,549
124,606,0,163,310.55,1342,1564,160,556
125,604,0,159,308.98,1359,1580,162,562
126,610,0,160,307.56,1371,1598,162,567
127,622,0,165,303,1375,1606,162,570
128,622,0,175,303.04,1386,1616,163,579
129,629,0,176,301.1,1398,1630,164,585
130,626,0,179,297.9,1412,1642,165,592
131,624,0,182,293.55,1429,1654,167,599
132,630,0,178,295.51,1443,1675,167,610
133,634,0,182,295.74,1450,1690,168,618
134,642,0,185,293.81,1463,1701,168,629
135,663,0,189,289.03,1471,1714,168,634
136,666,0,188,288.29,1484,1728,168,642
137,663,0,185,286.15,1496,1747,170,649
138,674,0,183,282.56,1505,1760,170,656
139,674,0,184,279.36,1520,1775,171,666
140,670,0,182,274.84,1533,1796,171,672
141,676,0,190,269.62,1542,1811,171,676
142,661,0,193,266.29,1560,1826,171,686
143,653,0,193,266.7,1579,1846,171,695
144,656,0,203,265.65,1595,1857,171,704
145,655,0,192,261.55,1610,1882,173,710
146,662,0,195,259.48,1625,1892,174,721
147,669,0,196,259.82,1638,1906,176,730
148,659,0,202,258.84,1653,1922,176,744
149,663,0,201,261.61,1664,1939,177,749
150,659,0,213,261.16,1678,1949,177,755
151,657,0,217,263.77,1695,1961,179,766
152,660,0,218,261.88,1703,1970,180,778
153,659,0,228,256.95,1725,1981,180,786
154,657,0,239,259.38,1744,1991,182,793
155,652,0,256,260.71,1759,2002,182,800
156,648,0,272,262.09,1778,2013,183,805
157,631,0,284,262.29,1799,2032,184,810
158,610,0,300,263.19,1814,2046,185,824
159,604,0,301,265.66,1832,2063,185,831
160,592,0,304,265.45,1851,2081,185,841
161,577,0,291,266.66,1872,2106,187,850
162,576,0,294,267.51,1886,2125,187,861
163,566,0,290,267.24,1905,2144,187,873
164,563,0,285,271.13,1920,2167,187,877
165,542,0,285,275.04,1944,2180,187,890
166,549,0,297,274.21,1958,2186,192,896
167,545,0,302,275.54,1975,2202,194,905
168,542,0,324,281.05,1985,2213,194,911
169,536,0,334,281.82,2004,2228,196,918
170,534,0,345,283.49,2022,2240,196,929
171,512,0,343,287.91,2050,2262,197,934
172,509,0,342,290.04,2078,2279,197,943
173,493,0,352,289.28,2101,2286,197,953
174,488,0,355,291.75,2117,2301,197,959
175,480,0,355,290.84,2136,2323,197,969
176,470,0,342,293.61,2152,2345,197,977
177,457,0,343,296.12,2168,2360,197,992
178,469,0,346,298.28,2183,2371,200,1000
179,458,0,352,302.12,2204,2387,202,1009
180,433,0,358,305.93,2227,2404,202,1017
181,418,0,356,312.18,2241,2430,203,1023
182,416,0,345,317.58,2248,2455,205,1030
183,413,0,347,320.52,2260,2472,207,1042
184,411,0,350,325.16,2276,2484,213,1048
185,394,0,347,326.56,2288,2507,215,1059
186,381,0,342,326.06,2305,2527,216,1068
187,373,0,334,330.92,2319,2543,216,1079
188,366,0,323,338.85,2330,2563,217,1089
189,361,0,316,344.33,2345,2585,217,1094
190,356,0,306,348.11,2358,2601,221,1104
191,354,0,308,353.61,2367,2613,224,1113
192,362,0,303,357.89,2377,2626,224,1126
193,351,0,288,362.46,2398,2645,225,1138
194,346,0,288,367.38,2415,2657,226,1146
195,344,0,285,371.38,2435,2673,227,1152
196,333,0,283,373.54,2456,2686,230,1159
197,329,0,279,378.39,2468,2699,231,1167
198,314,0,269,378.33,2483,2711,232,1182
199,321,0,271,379.06,2495,2724,235,1189
200,321,0,271,386.94,2504,2736,235,1197
201,315,0,260,393.33,2513,2750,238,1205
202,316,0,255,394.15,2521,2756,240,1214
203,321,0,258,399.14,2528,2764,240,1223
204,324,0,247,398.86,2536,2789,243,1229
205,324,0,245,404.84,2550,2799,244,1236
206,317,0,243,410.91,2561,2809,245,1244
207,315,0,240,417.45,2572,2822,246,1253
208,321,0,238,419.49,2577,2834,247,1258
209,316,0,224,425.72,2586,2851,247,1268
210,315,0,222,426.85,2597,2861,247,1271
211,314,0,221,430.69,2606,2869,248,1279
212,312,0,214,433.99,2614,2882,249,1282
213,316,0,220,437.91,2620,2887,251,1287
214,322,0,217,445.88,2624,2890,251,1294
215,321,0,221,449.67,2632,2895,253,1300
216,318,0,215,449.24,2641,2905,255,1305
217,325,0,217,453.92,2651,2915,256,1310
218,327,0,214,455.41,2661,2925,256,1321
219,324,0,210,453.13,2675,2938,258,1325
220,335,0,201,455.96,2688,2953,259,1330
221,344,0,204,460.59,2697,2957,261,1332
222,347,0,205,463.4,2706,2964,263,1338
223,347,0,206,465.27,2715,2969,264,1349
224,339,0,204,468.69,2727,2977,265,1354
225,343,0,207,467.89,2739,2984,266,1362
226,334,0,210,469.93,2752,2993,267,1372
227,325,0,210,470.87,2764,3012,268,1376
228,331,0,220,474.02,2768,3019,269,1377
229,341,0,206,469.99,2780,3033,272,1387
230,338,0,197,466.72,2792,3045,274,1394
231,337,0,198,470.22,2805,3060,274,1396
232,345,0,190,470.31,2813,3072,274,1403
233,351,0,199,470.29,2822,3078,274,1404
234,356,0,198,469.89,2834,3094,275,1409
235,357,0,203,470.12,2845,3109,276,1413
236,354,0,196,472.88,2858,3123,280,1419
237,351,0,197,471.34,2863,3138,280,1423
238,362,0,197,470.49,2873,3151,281,1425
239,375,0,193,472.85,2878,3159,283,1430
240,373,0,193,474.66,2888,3169,286,1434
241,380,0,198,470.24,2894,3177,288,1437
242,380,0,201,467.72,2905,3192,289,1440
243,397,0,188,466.19,2911,3206,291,1444
244,394,0,189,464.18,2922,3220,293,1447
245,401,0,188,462.48,2934,3232,294,1454
246,402,0,185,462.26,2946,3243,295,1464
247,425,0,182,459.81,2954,3255,296,1466
248,431,0,186,464.53,2967,3265,297,1472
249,419,0,188,467.41,2972,3279,299,1475
250,435,0,189,465.92,2977,3285,299,1480
251,434,0,189,464.29,2990,3300,299,1484
252,429,0,187,463.95,3009,3320,300,1489
253,425,0,181,461.18,3024,3328,302,1498
254,424,0,176,453.31,3036,3339,304,1502
255,441,0,176,452.66,3044,3348,305,1505
256,447,0,174,452.92,3048,3363,306,1509
257,440,0,173,449.69,3059,3374,306,1516
258,433,0,181,444.32,3069,3384,306,1526
259,437,0,178,444.45,3082,3404,307,1533
260,431,0,168,439.38,3096,3417,308,1543
261,434,0,169,438.04,3113,3428,308,1548
262,433,0,184,437.08,3126,3438,309,1554
263,453,0,180,436.27,3136,3450,309,1559
264,458,0,178,438.36,3145,3464,309,1563
265,468,0,180,436.81,3154,3476,309,1568
266,472,0,180,436.06,3164,3494,312,1571
267,472,0,170,432.38,3176,3510,313,1580
268,488,0,167,429.48,3181,3520,313,1582
269,483,0,166,431.48,3197,3534,313,1585
270,491,0,170,427.74,3205,3538,314,1590
271,494,0,167,427.68,3213,3550,315,1594
272,486,0,171,422.82,3225,3562,316,1599
273,488,0,170,419.06,3239,3575,317,1603
274,492,0,162,423.14,3246,3589,318,1608
275,505,0,158,420.46,3254,3596,319,1618
276,515,0,159,414.92,3265,3604,321,1626
277,512,0,160,411.18,3273,3616,322,1632
278,524,0,158,407.4,3282,3627,323,1637
279,529,0,156,402.88,3297,3639,325,1640
280,527,0,159,397.15,3306,3651,325,1650
281,536,0,156,394.47,3320,3659,326,1662
282,525,0,152,394.42,3343,3672,327,1668
283,529,0,151,393.89,3364,3686,327,1677
284,523,0,153,390.2,3382,3697,328,1686
285,519,0,157,384.52,3395,3710,328,1689
286,531,0,169,377.21,3403,3716,329,1693
287,542,0,172,376.62,3419,3726,330,1694
288,543,0,178,372.99,3436,3746,330,1696
289,551,0,187,369.89,3449,3754,330,1696
290,559,0,188,368.69,3462,3769,333,1699
291,565,0,193,370.19,3472,3778,333,1706
292,576,0,198,359.85,3485,3799,333,1711
293,585,0,201,355.22,3495,3809,333,1717
294,597,0,215,348.98,3512,3820,333,1719
295,600,0,220,343.71,3525,3833,333,1725
296,605,0,227,333.61,3540,3851,333,1730
297,603,0,219,328.98,3552,3883,334,1732
298,604,0,219,323.12,3563,3900,335,1738
299,612,0,218,317.14,3574,3914,335,1742
300,613,0,227,315.99,3589,3930,335,1750
301,609,0,238,306.52,3612,3944,335,1752
302,614,0,251,298.58,3628,3953,338,1756
303,629,0,248,291.53,3646,3972,338,1765
304,644,0,246,277.41,3654,3988,339,1771
305,652,0,240,272.11,3673,4002,341,1782
306,673,0,251,267.13,3685,4012,342,1786
307,689,0,254,260.13,3698,4033,343,1791
308,693,0,267,256.28,3718,4049,345,1797
309,710,0,272,250.29,3734,4063,345,1802
310,713,0,277,241.67,3753,4075,345,1809
311,710,0,281,238.86,3775,4089,347,1813
312,706,0,292,234.61,3790,4106,347,1818
313,718,0,304,233.84,3804,4122,347,1825
314,713,0,306,229.96,3817,4136,347,1831
315,703,0,310,228.64,3839,4149,353,1836
316,704,0,308,225.02,3853,4168,354,1844
317,697,0,313,216.95,3875,4186,355,1849
318,692,0,315,217.31,3897,4201,356,1854
319,713,0,312,213.47,3914,4219,357,1864
320,713,0,301,217.11,3923,4248,358,1875
321,703,0,298,216.19,3945,4268,360,1888
322,695,0,310,217.4,3969,4283,361,1894
323,701,0,312,218.2,3988,4297,361,1900
324,729,0,319,215.69,4006,4312,364,1905
325,722,0,323,214.05,4030,4338,364,1916
326,700,0,332,221.12,4052,4357,365,1925
327,687,0,336,220.09,4074,4374,366,1936
328,653,0,346,222.99,4108,4395,367,1943
329,652,0,351,222.12,4131,4409,368,1951
330,643,0,353,225.42,4147,4428,369,1964
331,638,0,357,225.41,4166,4446,369,1973
332,620,0,351,228.22,4191,4468,371,1984
333,611,0,348,230.22,4207,4491,372,1989
334,602,0,349,233.16,4226,4508,372,1999
335,587,0,352,233.48,4255,4528,372,2008
336,572,0,347,231.75,4278,4542,374,2023
337,559,0,355,239.88,4296,4566,377,2031
338,546,0,370,240.08,4308,4581,378,2040
339,546,0,378,244.61,4330,4600,380,2045
340,521,0,362,246.67,4362,4629,380,2062
341,500,0,369,250.47,4387,4647,382,2074
342,487,0,374,254.89,4408,4663,382,2086
343,487,0,377,259.51,4426,4677,383,2096
344,467,0,384,263.22,4448,4697,383,2109
345,453,0,386,269.66,4470,4719,386,2119
346,445,0,377,270.29,4487,4746,387,2135
347,442,0,392,274.66,4505,4760,387,2139
348,423,0,395,279.56,4524,4779,388,2145
349,414,0,410,281.4,4540,4796,390,2154
350,403,0,404,283.58,4562,4821,391,2161
351,392,0,406,288.73,4581,4847,393,2165
352,383,0,410,291.55,4600,4863,395,2171
353,380,0,418,296.56,4617,4877,398,2177
354,383,0,415,299.71,4625,4897,399,2182
355,383,0,411,305.99,4639,4914,401,2185
356,379,0,404,312.05,4650,4933,403,2198
357,389,0,394,320.05,4664,4946,405,2209
358,386,0,397,324.76,4679,4957,405,2218
359,380,0,397,331.36,4689,4971,406,2229
360,376,0,388,334.13,4701,4989,408,2242
361,365,0,378,337.15,4715,5013,410,2252
362,349,0,371,343.06,4733,5034,412,2262
363,344,0,350,349.08,4747,5060,412,2280
364,340,0,341,353.4,4761,5078,413,2291
365,334,0,331,358.66,4777,5098,413,2300
366,326,0,321,361.82,4792,5110,414,2314
367,317,0,321,367.85,4807,5122,415,2324
368,310,0,298,375.06,4818,5142,415,2343
369,315,0,277,379.61,4825,5169,416,2355
370,308,0,263,386.74,4839,5189,416,2363
371,298,0,250,393.89,4852,5208,416,2374
372,285,0,240,399.46,4868,5217,417,2384
373,287,0,236,401.39,4875,5229,419,2392
374,292,0,229,405.75,4883,5245,421,2403
375,299,0,223,408.16,4887,5253,424,2409
376,304,0,211,410.64,4899,5278,425,2415
377,298,0,202,412.76,4909,5293,426,2423
378,311,0,200,415.48,4914,5302,427,2432
379,320,0,188,417.12,4922,5315,429,2441
380,323,0,183,419.56,4934,5329,431,2449
381,324,0,181,420.14,4941,5340,434,2452
382,311,0,179,423.06,4950,5354,434,2458
383,326,0,181,427.95,4959,5361,434,2461
384,337,0,179,429.84,4965,5372,436,2467
385,333,0,172,432.69,4973,5385,439,2475
386,331,0,166,435.38,4979,5396,440,2482
387,343,0,165,434.51,4983,5406,440,2484
388,341,0,165,433.51,4995,5414,440,2491
389,353,0,160,437.31,4999,5430,440,2497
390,369,0,155,440.38,5003,5445,440,2500
391,379,0,154,441.95,5011,5460,442,2501
392,390,0,152,443.69,5022,5470,442,2505
393,388,0,158,446.44,5035,5483,443,2511
394,401,0,160,446.76,5039,5487,444,2513
395,416,0,161,442.48,5041,5496,444,2516
396,415,0,169,441.25,5049,5506,444,2521
397,410,0,162,443.65,5059,5519,445,2530
398,412,0,160,446.15,5068,5532,445,2532
399,418,0,155,443.38,5074,5545,445,2540
400,436,0,146,442.41,5079,5566,449,2542
401,447,0,143,437.75,5087,5585,450,2544
402,452,0,123,433.79,5094,5619,450,2555
403,473,0,126,432.94,5098,5632,450,2555
404,470,0,128,430.18,5105,5651,450,2557
405,484,0,117,426.79,5113,5668,451,2563
406,490,0,116,423.68,5121,5683,451,2569
407,511,0,119,415.52,5132,5688,451,2570
408,526,0,123,414.11,5136,5698,451,2575
409,543,0,127,411.44,5142,5710,452,2580
410,549,0,121,413.44,5152,5728,452,2589
411,566,0,111,406.88,5157,5740,454,2590
412,580,0,110,402.71,5159,5750,455,2593
413,598,0,107,400.75,5165,5763,455,2601
414,626,0,109,398.19,5174,5777,455,2602
415,621,0,111,392.2,5191,5791,455,2605
416,626,0,116,381.82,5197,5797,456,2614
417,640,0,117,377.98,5208,5804,456,2620
418,643,0,119,370.52,5216,5814,456,2624
419,649,0,120,368.73,5221,5826,457,2628
420,659,0,119,362.26,5230,5836,458,2635
421,670,0,119,359.49,5238,5846,460,2639
422,680,0,125,355.07,5244,5854,460,2644
423,674,0,126,351.05,5254,5870,462,2651
424,668,0,120,342.52,5265,5891,464,2660
425,671,0,122,341.71,5272,5906,464,2665
426,682,0,131,336.56,5282,5912,464,2672
427,675,0,127,335.67,5291,5929,464,2683
428,687,0,128,335.85,5296,5937,465,2689
429,694,0,131,330,5305,5946,466,2696
430,689,0,136,328.12,5313,5956,467,2705
431,702,0,143,328.89,5321,5965,467,2710
432,718,0,150,325.24,5335,5971,468,2715
433,726,0,155,317.19,5349,5986,468,2724
434,729,0,167,315.92,5357,5996,468,2731
435,724,0,169,312.6,5369,6013,469,2741
436,724,0,170,306.96,5380,6026,470,2747
437,708,0,168,308.78,5397,6038,470,2757
438,703,0,171,303.86,5409,6054,470,2766
439,710,0,179,299.01,5416,6064,471,2768
440,717,0,183,294.29,5429,6076,472,2774
441,714,0,196,293.33,5445,6090,472,2782
442,727,0,196,285.95,5448,6108,475,2790
443,733,0,208,277.53,5459,6126,475,2799
444,742,0,216,272.81,5477,6136,475,2811
445,746,0,221,271.96,5491,6149,477,2822
446,752,0,227,266.4,5507,6158,477,2832
447,757,0,241,264.71,5513,6180,477,2842
448,763,0,243,261.58,5521,6190,479,2851
449,767,0,242,255.62,5537,6212,480,2853
450,767,0,244,256.54,5546,6228,480,2862
451,766,0,242,252.19,5561,6254,481,2871
452,762,0,231,247,5575,6283,482,2884
453,764,0,222,244.85,5583,6303,482,2897
454,768,0,218,241.06,5592,6321,483,2904
455,781,0,220,238.26,5604,6338,483,2909
456,780,0,228,239.22,5613,6352,485,2914
457,785,0,230,241.88,5621,6367,487,2920
458,776,0,243,235.79,5636,6379,487,2932
459,765,0,253,231.52,5651,6395,487,2941
460,755,0,254,228.61,5671,6414,487,2947
461,760,0,255,226.51,5684,6431,487,2960
462,759,0,243,223.71,5695,6448,488,2971
463,750,0,241,228.15,5713,6466,492,2979
464,743,0,244,228.14,5725,6484,493,2992
465,750,0,249,222.72,5734,6493,494,3002
466,742,0,242,223.02,5747,6510,496,3016
467,722,0,247,221.42,5766,6522,496,3034
468,723,0,250,222.89,5779,6536,497,3040
469,735,0,253,221.02,5789,6548,497,3051
470,732,0,237,221.6,5804,6570,498,3063
471,731,0,228,224.25,5820,6592,498,3076
472,712,0,227,225.51,5842,6602,500,3086
473,718,0,227,227.39,5853,6614,505,3095
474,708,0,231,227.66,5867,6630,506,3105
475,694,0,233,229.11,5887,6648,507,3115
476,692,0,242,231.09,5896,6666,510,3120
477,683,0,241,227.68,5915,6682,512,3134
478,678,0,248,228.35,5930,6695,512,3142
479,664,0,251,229.95,5941,6710,515,3161
480,655,0,253,231.84,5956,6720,517,3175
481,655,0,275,231.4,5969,6731,518,3181
482,641,0,288,230.36,5984,6745,521,3190
483,628,0,294,232.51,6010,6760,523,3201
484,629,0,304,235.26,6025,6774,524,3206
485,609,0,299,238.72,6042,6791,525,3222
486,602,0,296,244.68,6057,6816,525,3228
487,595,0,301,247.33,6068,6829,526,3235
488,588,0,309,249.13,6083,6843,528,3243
489,582,0,310,250.79,6100,6857,529,3246
490,575,0,313,252.24,6114,6871,531,3254
491,561,0,307,254.88,6135,6895,535,3257
492,569,0,299,261.8,6145,6916,536,3267
493,559,0,303,262.89,6158,6938,537,3275
494,563,0,303,267.47,6180,6951,538,3283
495,558,0,306,270.98,6191,6967,539,3292
496,546,0,309,277.25,6210,6982,541,3300
497,540,0,305,282.12,6223,6998,544,3309
498,534,0,312,283.85,6234,7013,547,3318
499,530,0,318,286.15,6243,7024,549,3324
500,525,0,302,289.96,6261,7047,551,3341
501,517,0,306,292.66,6276,7058,553,3356
502,515,0,302,296.76,6286,7074,553,3372
503,505,0,304,299.88,6302,7087,556,3386
504,503,0,302,304.35,6320,7109,559,3394
505,487,0,307,306.61,6340,7118,560,3403
506,478,0,319,312.76,6357,7129,562,3407
507,463,0,317,317.6,6369,7144,564,3422
508,463,0,319,322.33,6381,7160,568,3425
509,460,0,321,325.32,6394,7177,570,3433
510,465,0,319,329.67,6403,7192,570,3442
511,463,0,312,330.59,6413,7210,571,3455
512,453,0,318,332.06,6426,7219,573,3466
513,451,0,316,333.44,6438,7237,574,3473
514,438,0,305,336.64,6453,7256,575,3482
515,447,0,289,336.82,6460,7280,576,3494
516,436,0,278,340.46,6474,7302,580,3504
517,424,0,278,343.11,6488,7316,580,3512
518,426,0,277,342.04,6500,7330,581,3520
519,424,0,273,344.45,6512,7346,583,3529
520,422,0,268,348.07,6525,7364,583,3540
521,429,0,268,348.32,6543,7375,584,3546
522,422,0,263,350.32,6560,7388,585,3557
523,416,0,264,354.09,6574,7400,587,3569
524,414,0,266,352.07,6585,7415,587,3580
525,411,0,262,354.08,6593,7433,589,3591
526,412,0,259,355.41,6605,7448,589,3599
527,413,0,264,360.67,6620,7464,589,3602
528,427,0,252,361.14,6626,7483,590,3612
529,419,0,247,361.89,6638,7495,592,3622
530,421,0,241,361.01,6650,7509,593,3627
531,417,0,229,360.49,6660,7528,595,3633
532,416,0,224,364.11,6674,7545,596,3642
533,408,0,231,363.78,6683,7557,596,3646
534,414,0,224,364.22,6693,7575,597,3657
535,416,0,221,367.15,6708,7593,598,3663
536,416,0,205,366.99,6725,7611,601,3670
537,414,0,206,364.55,6742,7626,602,3672
538,414,0,206,362.55,6755,7637,602,3682
539,413,0,196,361.89,6768,7654,604,3691
540,413,0,187,364.54,6781,7666,606,3700
541,411,0,184,361.74,6786,7677,608,3705
542,412,0,189,361.11,6792,7694,608,3707
543,410,0,194,364.69,6805,7701,609,3711
544,407,0,197,366.6,6813,7708,610,3719
545,418,0,206,367.98,6823,7714,611,3724
546,430,0,197,370.22,6833,7726,612,3732
547,440,0,195,372.58,6842,7746,612,3738
548,434,0,185,377.19,6859,7766,612,3747
549,433,0,198,380.07,6866,7778,612,3755
550,437,0,197,383.59,6879,7788,614,3760
551,436,0,200,385.05,6884,7802,615,3767
552,443,0,193,380,6891,7817,617,3775
553,446,0,197,381.42,6901,7821,617,3778
554,455,0,194,380.18,6913,7834,618,3780
555,456,0,188,381.16,6932,7849,618,3785
556,444,0,188,379.95,6949,7861,619,3790
557,451,0,183,382.42,6960,7876,620,3796
558,460,0,190,381.2,6970,7881,620,3801
559,465,0,188,378.89,6982,7894,621,3807
560,464,0,191,377.09,6998,7904,621,3811
561,482,0,192,373.91,7004,7914,621,3816
562,497,0,198,373.48,7017,7926,623,3821
563,502,0,205,373.01,7029,7940,623,3826
564,507,0,199,371.36,7039,7954,626,3832
565,514,0,200,364.79,7054,7970,626,3836
566,534,0,195,362.94,7067,7987,628,3839
567,535,0,209,361.96,7076,8003,629,3844
568,538,0,204,360.39,7088,8017,630,3852
569,548,0,198,357.24,7099,8031,633,3858
570,544,0,198,352.53,7109,8045,633,3864
571,550,0,195,344.21,7123,8058,634,3872
572,546,0,199,344.39,7133,8076,636,3875
573,554,0,192,344.67,7147,8097,637,3880
574,564,0,186,339.71,7162,8116,640,3885
575,555,0,185,336.86,7175,8132,641,3891
576,558,0,182,337.16,7181,8146,642,3899
577,547,0,187,334.36,7189,8163,642,3905
578,556,0,189,334.13,7198,8178,643,3910
579,555,0,195,328.72,7212,8188,644,3915
580,562,0,195,324.81,7225,8202,646,3920
581,555,0,184,326.81,7238,8219,648,3932
582,578,0,167,323.19,7241,8240,648,3944
583,590,0,156,320.53,7251,8260,650,3950
584,594,0,147,319.41,7258,8282,650,3958
585,597,0,147,316.84,7263,8294,650,3964
586,611,0,141,315.58,7269,8306,650,3972
587,613,0,142,313.65,7283,8321,650,3977
588,620,0,145,309.13,7288,8332,650,3987
589,639,0,137,306.64,7299,8344,652,3991
590,654,0,145,303.09,7309,8351,653,4000
591,663,0,138,298.94,7316,8363,654,4007
592,668,0,132,295.29,7329,8384,654,4014
593,678,0,126,291.21,7342,8397,655,4018
594,693,0,124,287.96,7351,8412,657,4022
595,695,0,120,284.46,7358,8435,658,4027
596,707,0,119,286.85,7367,8450,659,4032
597,706,0,119,284.61,7374,8469,661,4042
598,716,0,122,280.53,7385,8477,661,4050
599,721,0,119,280.84,7390,8488,662,4066
600,721,0,122,276.16,7398,8497,664,4074
601,730,0,124,272.92,7408,8505,665,4083
602,757,0,123,269.19,7416,8519,666,4087
603,764,0,122,265.66,7427,8530,666,4091
604,772,0,126,261.49,7436,8541,666,4100
605,790,0,133,257.06,7447,8550,668,4104
606,799,0,141,249.04,7461,8567,671,4113
607,787,0,136,245.15,7474,8590,672,4121
608,803,0,144,238.22,7481,8600,672,4125
609,803,0,151,231.58,7493,8615,673,4130
610,827,0,160,229.22,7500,8623,673,4133
611,835,0,164,221.87,7514,8641,674,4148
612,836,0,172,216.81,7524,8661,675,4153
613,836,0,173,204.51,7534,8677,676,4166
614,842,0,180,197.78,7542,8697,676,4173
615,837,0,178,193.38,7556,8714,677,4182
616,828,0,179,194.85,7574,8727,681,4187
617,827,0,184,189.84,7597,8744,681,4192
618,843,0,186,191.72,7611,8758,681,4204
619,848,0,192,187.8,7621,8769,681,4215
620,859,0,192,183.06,7636,8786,682,4222
621,844,0,190,179.29,7653,8804,682,4229
622,848,0,207,176.29,7663,8821,685,4238
623,846,0,205,172.07,7679,8840,688,4249
624,843,0,214,170.19,7703,8859,688,4254
625,844,0,212,167.54,7721,8888,688,4261
626,841,0,213,166.82,7731,8910,688,4267
627,842,0,208,169.84,7743,8927,690,4274
628,815,0,199,169.93,7761,8953,691,4289
629,812,0,197,171.46,7776,8973,691,4295
630,821,0,207,169.95,7789,8992,692,4300
631,820,0,210,168.95,7801,9007,693,4305
632,811,0,218,169,7824,9022,693,4311
633,816,0,228,167.45,7833,9040,694,4313
634,820,0,222,166.73,7843,9056,695,4323
635,818,0,223,166.86,7856,9075,696,4337
636,821,0,228,166.95,7865,9088,698,4348
637,817,0,231,164.58,7878,9099,700,4362
638,810,0,238,169.72,7895,9112,700,4369
639,803,0,233,167.21,7910,9129,702,4380
640,780,0,237,169.34,7931,9150,702,4389
641,784,0,234,170.08,7943,9167,703,4405
642,782,0,237,168.25,7958,9180,704,4417
643,783,0,243,169.45,7975,9198,706,4427
644,767,0,246,170.44,7992,9214,709,4442
645,768,0,264,171.05,8006,9226,710,4448
646,760,0,279,174.93,8025,9251,710,4455
647,737,0,279,176.29,8050,9274,715,4470
648,720,0,288,176.09,8071,9286,715,4479
649,719,0,294,175.51,8087,9303,715,4491
650,721,0,298,177.32,8101,9313,715,4500
651,727,0,307,179,8119,9322,718,4509
652,731,0,309,181.68,8134,9340,720,4519
653,727,0,323,183.88,8153,9350,720,4527
654,725,0,329,187.54,8174,9365,723,4539
655,706,0,324,188.19,8190,9387,726,4546
656,678,0,327,189.94,8217,9411,728,4553
657,667,0,329,186.69,8245,9435,729,4561
658,667,0,342,188.22,8257,9454,731,4567
659,647,0,338,192.31,8274,9483,735,4572
660,652,0,326,192.87,8292,9509,737,4583
661,641,0,328,194.64,8315,9528,739,4591
662,634,0,316,199.47,8328,9561,742,4599
663,615,0,320,203.32,8346,9577,743,4612
664,599,0,323,208.95,8363,9595,743,4624
665,584,0,319,212.07,8382,9613,743,4636
666,579,0,323,215.93,8400,9633,744,4645
667,584,0,328,218.4,8415,9649,745,4661
668,570,0,329,225.6,8429,9668,746,4667
669,562,0,341,228.99,8443,9688,748,4671
670,548,0,341,230.45,8465,9708,748,4683
671,543,0,347,234.76,8484,9721,752,4690
672,544,0,349,240.27,8498,9738,752,4696
673,541,0,346,241.2,8517,9756,754,4709
674,540,0,340,246.67,8528,9775,756,4718
675,527,0,337,253.24,8541,9799,757,4726
676,518,0,320,256.46,8561,9830,760,4733
677,509,0,305,258.73,8579,9853,760,4748
678,501,0,298,265.52,8591,9879,761,4758
679,495,0,304,269.72,8603,9892,762,4769
680,499,0,300,273.07,8614,9904,763,4778
681,488,0,305,278.38,8626,9922,764,4785
682,477,0,305,283.66,8641,9935,767,4794
683,483,0,308,290.69,8653,9938,767,4800
684,464,0,310,293.08,8671,9949,769,4816
685,456,0,305,291.88,8678,9959,771,4827
686,441,0,297,298.06,8690,9979,774,4839
687,428,0,280,302.4,8711,10002,775,4853
688,419,0,274,304.38,8735,10014,776,4863
689,421,0,278,307.75,8746,10030,777,4871
690,421,0,279,307.93,8756,10041,780,4883
691,413,0,272,311.98,8775,10058,781,4896
692,405,0,253,317.79,8788,10076,787,4908
693,401,0,259,321.78,8796,10092,789,4913
694,394,0,253,327.32,8809,10105,790,4925
695,396,0,256,330.35,8816,10120,791,4931
696,389,0,249,332.05,8829,10137,792,4941
697,400,0,250,336.95,8836,10148,793,4947
698,399,0,235,339.24,8845,10177,794,4953
699,391,0,230,341.28,8854,10194,794,4958
700,392,0,221,343.52,8863,10217,795,4967
701,407,0,215,346.52,8871,10225,798,4977
702,411,0,205,354.54,8881,10247,800,4982
703,416,0,193,355.47,8889,10264,801,4987
704,415,0,190,355.65,8903,10280,801,4991
705,418,0,182,355.67,8915,10294,802,4997
706,429,0,181,361.41,8921,10305,802,5009
707,437,0,182,365.25,8930,10314,802,5017
708,451,0,178,366.66,8938,10318,802,5026
709,460,0,188,369.59,8945,10324,803,5031
710,462,0,189,375.21,8953,10339,803,5037
711,479,0,186,377.08,8961,10348,804,5042
712,472,0,186,378.92,8974,10364,804,5049
713,466,0,184,380.54,8988,10378,805,5056
714,456,0,189,384.46,9000,10387,805,5063
715,449,0,189,389.64,9008,10398,809,5067
716,445,0,184,392.78,9021,10405,809,5074
717,445,0,190,395.26,9028,10414,809,5079
718,447,0,192,398.87,9036,10422,809,5086
719,446,0,199,401.95,9047,10428,809,5096
720,435,0,201,402.18,9056,10441,810,5106
721,440,0,203,408.65,9062,10446,812,5116
722,430,0,203,412.99,9073,10452,812,5127
723,419,0,205,418.49,9092,10461,812,5136
724,426,0,207,423.72,9102,10470,812,5141
725,436,0,212,427.08,9109,10479,812,5150
726,436,0,210,429.52,9116,10490,814,5162
727,438,0,199,428.79,9125,10502,819,5165
728,434,0,188,432.82,9139,10519,822,5183
729,447,0,189,436.24,9150,10536,823,5186
730,449,0,176,441.14,9156,10558,824,5194
731,459,0,171,439.01,9162,10573,826,5200
732,460,0,171,442.93,9167,10587,828,5203
733,473,0,162,443.61,9171,10598,832,5209
734,473,0,165,445.41,9178,10607,832,5210
735,477,0,173,445.78,9185,10617,832,5214
736,475,0,172,448.71,9192,10625,832,5223
737,491,0,175,450.21,9200,10631,832,5227
738,490,0,173,451.53,9210,10640,835,5238
739,489,0,175,449.48,9217,10649,836,5245
740,484,0,172,451.11,9233,10658,836,5251
741,498,0,167,453.78,9242,10676,837,5255
742,491,0,153,455.21,9255,10695,839,5262
743,501,0,155,451.02,9263,10701,840,5264
744,499,0,156,453.21,9277,10709,840,5272
745,506,0,162,451.95,9283,10716,840,5277
746,504,0,163,448.82,9292,10723,842,5284
747,512,0,165,447.92,9302,10733,844,5290
748,519,0,162,444.29,9310,10741,844,5304
749,525,0,164,440.14,9316,10747,845,5309
750,527,0,166,438.96,9325,10757,845,5320
751,538,0,170,433.15,9334,10765,847,5325
752,538,0,164,429.58,9345,10776,848,5333
753,540,0,164,425.84,9353,10794,850,5337
754,550,0,152,423.98,9362,10812,853,5347
755,559,0,157,422.79,9368,10823,854,5356
756,571,0,156,419.11,9374,10834,854,5359
757,587,0,155,408.55,9383,10844,855,5364
758,576,0,160,409.75,9398,10852,857,5372
759,575,0,158,404.55,9411,10864,858,5378
760,582,0,154,402.72,9421,10876,858,5382
761,600,0,151,400.36,9435,10883,860,5389
762,599,0,151,394.2,9445,10895,860,5394
763,605,0,150,387.87,9457,10908,860,5400
764,611,0,148,385.18,9471,10919,863,5410
765,614,0,153,385.04,9482,10938,863,5414
766,619,0,153,374.55,9496,10952,864,5423
767,639,0,148,364.11,9505,10967,866,5429
768,626,0,150,360.14,9523,10988,867,5432
769,631,0,164,352.34,9540,11004,867,5436
770,633,0,169,347.22,9555,11018,867,5445
771,640,0,183,341.76,9572,11028,867,5447
772,648,0,195,338.98,9585,11033,868,5450
773,646,0,201,334.09,9601,11047,869,5459
774,652,0,213,325.59,9619,11062,869,5460
775,653,0,216,320.36,9637,11080,869,5462
776,648,0,219,309.68,9660,11097,869,5467
777,655,0,215,304.15,9672,11110,871,5474
778,658,0,231,295.4,9686,11117,871,5477
779,676,0,242,294.65,9702,11128,871,5480
780,667,0,252,291,9718,11143,871,5486
781,672,0,260,285,9733,11162,874,5492
782,675,0,268,278.28,9747,11175,874,5498
783,680,0,287,276.07,9765,11196,875,5502
784,668,0,297,273.19,9785,11213,876,5508
785,667,0,291,269.04,9800,11241,876,5518
786,669,0,302,264.58,9816,11259,877,5525
787,659,0,310,261,9831,11279,877,5531
788,660,0,305,259.95,9852,11291,877,5538
789,665,0,304,257.89,9869,11309,877,5543
790,658,0,298,256.96,9888,11329,878,5552
791,660,0,299,256.67,9907,11343,878,5558
792,669,0,296,255.21,9927,11367,878,5562
793,673,0,295,253,9944,11383,883,5569
794,671,0,300,256.51,9961,11406,885,5573
795,674,0,290,261.6,9985,11423,885,5585
796,656,0,297,264.54,10004,11440,886,5592
797,643,0,309,262.24,10021,11450,887,5601
798,629,0,319,263.04,10044,11459,890,5614
799,625,0,330,265.44,10054,11472,891,5622
800,615,0,326,267.79,10068,11501,891,5632
801,606,0,337,269.91,10087,11516,891,5636
802,596,0,335,273.26,10103,11538,892,5649
803,582,0,325,276.08,10119,11558,895,5660
804,564,0,321,278.64,10134,11577,898,5672
805,539,0,328,279.42,10157,11594,898,5683
806,530,0,334,281.51,10171,11610,900,5691
807,513,0,338,287.01,10187,11625,901,5700
808,508,0,341,288.55,10207,11632,905,5712
809,509,0,352,292.18,10213,11643,906,5719
810,498,0,348,297.13,10228,11658,906,5731
811,506,0,349,301.52,10236,11668,907,5744
812,487,0,341,302.68,10264,11683,908,5758
813,476,0,338,304.26,10276,11698,910,5770
814,465,0,341,309.41,10289,11717,913,5776
815,467,0,339,309.49,10310,11739,915,5784
816,480,0,336,310.78,10320,11750,915,5797
817,487,0,330,310.05,10331,11768,915,5810
818,475,0,330,311.76,10346,11780,918,5822
819,474,0,326,312.31,10366,11791,921,5836
820,458,0,322,316.02,10383,11811,923,5847
821,459,0,315,319.22,10400,11828,927,5852
822,444,0,314,317.19,10418,11836,929,5861
823,440,0,315,321.82,10435,11849,930,5872
824,445,0,316,326.54,10449,11857,931,5884
825,449,0,319,327.76,10466,11866,931,5896
826,444,0,313,324.41,10487,11887,933,5905
827,449,0,319,325.28,10496,11896,935,5913
828,440,0,317,329.86,10508,11910,937,5924
829,442,0,316,332.69,10518,11927,937,5929
830,441,0,297,332.52,10529,11958,938,5940
831,438,0,301,334.01,10539,11976,942,5946
832,443,0,294,338.24,10547,11998,943,5954
833,428,0,272,338.61,10562,12025,944,5965
834,421,0,268,339.85,10573,12042,946,5973
835,434,0,251,343.44,10582,12059,949,5982
836,440,0,235,347.36,10596,12081,949,5989
837,445,0,224,349.91,10610,12094,952,5995
838,436,0,210,353.6,10626,12114,952,6007
839,443,0,203,356.53,10642,12128,954,6013
840,445,0,196,360.64,10650,12143,956,6018
841,439,0,195,363.99,10656,12156,957,6025
842,430,0,190,368.22,10666,12167,959,6034
843,421,0,191,373.53,10679,12178,960,6042
844,407,0,199,373.67,10699,12190,960,6046
845,424,0,205,376.68,10706,12194,960,6057
846,421,0,199,380.13,10721,12205,962,6061
847,420,0,201,383.75,10731,12213,964,6065
848,420,0,204,383.65,10739,12222,965,6070
849,418,0,213,388.32,10750,12228,965,6078
850,418,0,218,390.51,10761,12235,967,6087
851,433,0,221,392.99,10763,12241,970,6093
852,448,0,222,396.85,10774,12248,971,6098
853,445,0,231,397.58,10790,12254,971,6106
854,438,0,234,397.89,10803,12267,973,6108
855,435,0,249,402.55,10815,12273,975,6114
856,436,0,255,401.93,10827,12282,975,6123
857,430,0,262,403.68,10845,12290,976,6132
858,432,0,251,403.82,10856,12309,978,6140
859,432,0,247,398.19,10871,12327,980,6147
860,435,0,244,397.68,10881,12335,980,6152
861,429,0,230,400.59,10900,12357,982,6158
862,432,0,220,401.21,10910,12383,984,6168
863,421,0,210,399.52,10925,12403,986,6175
864,418,0,209,401.09,10936,12418,986,6184
865,416,0,205,400.81,10950,12436,987,6191
866,406,0,204,396.01,10971,12450,989,6193
867,405,0,212,395.62,10986,12460,991,6198
868,415,0,208,394.16,10997,12467,991,6211
869,420,0,206,397.09,11006,12480,992,6216
870,431,0,207,397.86,11019,12490,993,6219
871,431,0,205,395.95,11038,12500,996,6225
872,431,0,203,400.79,11051,12509,996,6229
873,434,0,184,401.96,11060,12528,997,6238
874,437,0,177,400.75,11070,12543,999,6244
875,444,0,173,401.02,11076,12551,999,6251
876,443,0,168,400.92,11087,12559,999,6262
877,445,0,173,399.49,11093,12572,1000,6265
878,441,0,176,396.21,11102,12587,1000,6276
879,446,0,177,395.59,11112,12599,1001,6280
880,448,0,181,397.82,11127,12608,1002,6284
881,455,0,179,400.39,11134,12621,1005,6290
882,462,0,179,397.95,11139,12632,1005,6299
883,470,0,179,394.45,11150,12646,1006,6305
884,472,0,178,392.28,11159,12659,1007,6311
885,478,0,169,392.84,11165,12676,1009,6320
886,476,0,174,391.27,11173,12686,1009,6325
887,484,0,178,389.65,11184,12701,1010,6329
888,496,0,175,385.62,11195,12709,1010,6337
889,504,0,174,384.4,11209,12717,1010,6340
890,515,0,178,385.45,11218,12728,1010,6343
891,522,0,182,381.18,11231,12739,1011,6345
892,525,0,181,378.67,11241,12751,1014,6348
893,542,0,178,375.19,11249,12769,1014,6353
894,548,0,181,366.18,11258,12783,1015,6358
895,554,0,175,362.89,11269,12791,1016,6366
896,562,0,179,363.49,11282,12802,1017,6373
897,572,0,182,363.89,11297,12813,1017,6387
898,572,0,184,355.53,11310,12833,1020,6393
899,579,0,188,353.39,11322,12845,1020,6397
900,584,0,195,351.78,11335,12857,1021,6404
901,594,0,199,350.75,11344,12865,1022,6410
902,586,0,196,344.07,11363,12879,1023,6419
903,581,0,185,347.01,11377,12902,1023,6423
904,572,0,184,343.47,11397,12919,1024,6432
905,564,0,196,343.79,11411,12934,1026,6441
906,575,0,191,344.54,11422,12947,1027,6448
907,587,0,193,343.19,11437,12961,1027,6455
908,582,0,194,338.88,11451,12978,1027,6462
909,596,0,196,337.58,11460,12994,1030,6464
910,607,0,193,338.72,11474,13002,1030,6470
911,601,0,196,337.08,11491,13018,1030,6477
912,605,0,209,330.4,11506,13026,1030,6481
913,596,0,210,326.93,11519,13043,1033,6489
914,593,0,221,327.6,11536,13057,1034,6494
915,579,0,221,322.74,11566,13072,1035,6500
916,598,0,218,323.39,11582,13093,1038,6506
917,594,0,220,321.18,11598,13106,1040,6509
918,599,0,236,318.66,11613,13115,1040,6515
919,619,0,243,316.66,11626,13119,1041,6522
920,624,0,240,314.36,11638,13133,1041,6529
921,619,0,245,313.82,11666,13144,1041,6534
922,627,0,255,311.19,11684,13154,1042,6536
923,620,0,260,310.93,11701,13167,1043,6545
924,637,0,250,311.05,11713,13194,1044,6557
925,627,0,265,310.98,11727,13215,1044,6566
926,611,0,271,310.81,11741,13238,1044,6573
927,611,0,278,309.96,11758,13249,1046,6577
928,586,0,285,303.85,11780,13261,1047,6588
929,564,0,286,308.26,11806,13286,1048,6597
930,569,0,281,309.46,11818,13299,1051,6606
931,576,0,293,304.88,11830,13308,1052,6611
932,578,0,301,305.2,11841,13326,1053,6617
933,569,0,284,309.05,11858,13361,1053,6633
934,546,0,279,309.71,11881,13383,1053,6640
935,550,0,274,310.35,11893,13402,1053,6649
936,537,0,265,311.48,11906,13422,1053,6664
937,524,0,264,313.36,11925,13437,1053,6677
938,515,0,268,312.99,11936,13451,1053,6687
939,508,0,261,310.29,11950,13467,1055,6698
940,515,0,262,310.51,11965,13481,1056,6710
941,523,0,261,308.66,11972,13495,1057,6716
942,526,0,260,307.56,11983,13507,1057,6725
943,543,0,262,308.45,11992,13522,1060,6733
944,532,0,251,309.15,12008,13542,1060,6748
945,523,0,248,310.33,12028,13558,1063,6752
946,523,0,253,310.49,12043,13571,1063,6759
947,520,0,249,310.25,12058,13583,1064,6771
948,519,0,258,312.55,12074,13591,1066,6778
949,522,0,266,310.95,12084,13607,1069,6788
950,529,0,268,310.18,12096,13616,1069,6800
951,528,0,275,307.05,12108,13630,1069,6807
952,536,0,276,308.06,12121,13646,1069,6810
953,540,0,265,304.41,12135,13669,1071,6815
954,543,0,267,305.61,12151,13690,1074,6819
955,542,0,262,305.74,12173,13708,1075,6823
956,537,0,263,302.69,12187,13724,1076,6830
957,526,0,264,300.48,12210,13739,1078,6839
958,516,0,272,303.31,12230,13747,1078,6846
959,518,0,262,310.04,12242,13763,1078,6864
960,514,0,254,311.85,12250,13774,1078,6873
961,505,0,252,314.39,12272,13788,1079,6880
962,515,0,248,316.82,12286,13805,1079,6892
963,508,0,261,321.75,12294,13821,1082,6899
964,496,0,270,326.05,12311,13830,1085,6906
965,498,0,270,326.84,12322,13842,1085,6913
966,501,0,285,332.99,12337,13849,1086,6913
967,514,0,295,334.62,12352,13859,1088,6918
968,508,0,302,333.58,12367,13875,1089,6926
969,506,0,306,337.47,12377,13888,1089,6932
970,510,0,312,342.13,12388,13904,1090,6943
971,499,0,302,345.86,12407,13921,1092,6953
972,482,0,295,344.65,12426,13941,1092,6961
973,482,0,293,346.34,12439,13951,1093,6975
974,490,0,288,348.01,12447,13972,1098,6983
975,503,0,300,345.87,12464,13980,1101,6995
976,497,0,302,345.67,12481,13995,1102,7001
977,500,0,310,343.16,12492,14005,1103,7006
978,492,0,306,344.82,12507,14022,1105,7014
979,486,0,313,342.38,12520,14034,1105,7022
980,489,0,300,340.82,12539,14056,1106,7033
981,488,0,297,340.32,12559,14071,1107,7046
982,485,0,288,344.18,12576,14093,1107,7057
983,494,0,292,346.59,12586,14104,1107,7063
984,483,0,287,343.93,12603,14118,1108,7069
985,484,0,283,344.11,12618,14130,1108,7078
986,472,0,286,344.06,12630,14144,1109,7093
987,466,0,278,341.78,12647,14163,1109,7107
988,462,0,273,342.38,12661,14179,1109,7119
989,458,0,268,344.13,12679,14200,1111,7129
990,452,0,269,345.47,12688,14219,1112,7135
991,444,0,274,344.88,12703,14225,1113,7144
992,443,0,281,343.48,12721,14244,1115,7152
993,445,0,275,345.04,12741,14265,1115,7162
994,447,0,264,348.07,12760,14282,1115,7172
995,462,0,259,348.49,12765,14298,1117,7179
996,456,0,255,349.41,12775,14317,1118,7189
997,464,0,257,348.94,12791,14328,1120,7195
998,465,0,258,349.09,12806,14341,1122,7201
999,458,0,261,350.56,12822,14347,1124,7206
