Tick,Bandicoots,Invaders,Foxes,Grass_Health_Index,Total_Bandicoots_Eaten,Trap_Deaths,Old_Age_Deaths,Hunger_Deaths
0,214,0,201,1450.94,13,12,0,0
1,207,0,209,1439.95,46,19,4,1
2,215,0,214,1447.93,70,22,6,1
3,238,0,218,1445.79,77,34,9,2
4,270,0,221,1445.45,87,39,14,3
5,286,0,224,1447.81,116,52,17,3
6,308,0,228,1447.94,130,62,20,3
7,311,0,226,1447.57,148,79,21,4
8,317,0,218,1449.4,173,90,27,7
9,340,0,223,1448.73,185,97,29,8
10,358,0,222,1451.4,199,113,30,8
11,373,0,218,1444.61,218,122,34,11
12,416,0,220,1440.75,228,133,38,13
13,437,0,220,1435.72,244,145,39,21
14,479,0,213,1425.71,255,156,43,28
15,486,0,211,1420.35,271,166,48,34
16,514,0,210,1411.06,287,180,54,40
17,535,0,210,1400.46,305,194,55,45
18,558,0,218,1394.6,326,209,58,49
19,588,0,223,1384.95,358,224,59,52
20,593,0,223,1366.94,384,239,61,58
21,627,0,224,1346.31,413,251,64,69
22,633,0,230,1325.81,442,270,67,75
23,642,0,237,1315.97,469,285,68,79
24,667,0,235,1305.25,499,303,71,83
25,665,0,239,1293.48,526,328,73,88
26,693,0,245,1273.26,556,349,74,93
27,717,0,249,1255.5,575,370,75,101
28,741,0,258,1244.09,603,392,75,107
29,752,0,266,1230.42,632,410,76,112
30,765,0,280,1213,652,433,76,120
31,800,0,286,1200.81,669,457,76,127
32,808,0,285,1188.42,697,483,76,138
33,825,0,289,1174.02,734,511,79,143
34,860,0,284,1156.37,761,543,81,158
35,867,0,289,1140.29,790,565,82,165
36,900,0,297,1120.95,829,592,82,175
37,899,0,293,1094.17,870,622,83,183
38,904,0,297,1075.53,910,649,84,191
39,909,0,303,1055.46,949,676,85,199
40,919,0,316,1035.88,989,697,86,208
41,931,0,333,1014.24,1024,714,87,213
42,931,0,342,996.19,1068,734,88,225
43,945,0,344,975.49,1122,760,88,236
44,926,0,355,962.43,1174,787,89,241
45,939,0,375,950.14,1224,806,91,250
46,958,0,385,925.65,1262,830,92,260
47,957,0,392,907.58,1307,860,93,271
48,953,0,390,885.4,1357,891,93,285
49,942,0,410,869.58,1400,917,94,291
50,966,0,409,851.5,1435,952,95,298
51,978,0,428,829.33,1473,975,96,309
52,977,0,436,811.02,1529,999,96,319
53,987,0,449,800.67,1559,1034,99,333
54,984,0,455,784.34,1608,1071,100,346
55,995,0,480,762.74,1661,1090,101,358
56,1001,0,502,751.68,1709,1115,101,376
57,995,0,528,742.1,1756,1139,102,384
58,1009,0,530,729.78,1798,1181,104,400
59,1002,0,553,714.01,1853,1212,104,416
60,978,0,567,706.98,1909,1240,105,431
61,954,0,578,697.24,1972,1265,105,450
62,943,0,582,690.27,2030,1298,107,469
63,940,0,574,680.85,2082,1328,109,482
64,933,0,591,683.12,2137,1361,109,496
65,924,0,609,677.17,2177,1393,111,508
66,894,0,622,676.44,2225,1423,111,532
67,880,0,635,679.24,2269,1438,113,553
68,873,0,630,677.35,2323,1463,114,581
69,864,0,672,675.38,2364,1489,116,600
70,850,0,685,673.69,2409,1511,116,615
71,854,0,677,680.78,2445,1545,116,637
72,836,0,685,681.51,2489,1575,117,662
73,812,0,683,689.04,2538,1602,120,683
74,788,0,694,698.71,2586,1638,121,700
75,758,0,681,702.27,2636,1671,124,717
76,755,0,668,711.17,2677,1705,126,736
77,732,0,650,709.17,2731,1731,126,770
78,694,0,655,714.8,2778,1760,127,793
79,664,0,654,719.96,2826,1788,131,819
80,651,0,657,731.59,2873,1818,133,840
81,643,0,644,736.76,2910,1850,137,863
82,625,0,638,742.43,2956,1874,141,893
83,606,0,634,748.86,2994,1896,141,918
84,579,0,638,757.43,3033,1925,142,944
85,563,0,631,770.89,3068,1958,144,967
86,558,0,615,778.14,3097,1990,146,996
87,538,0,612,783.15,3132,2009,147,1023
88,520,0,607,789.6,3164,2033,148,1046
89,508,0,602,799.65,3198,2058,150,1063
90,469,0,611,816.32,3243,2078,150,1084
91,453,0,585,823.42,3275,2113,151,1112
92,437,0,566,835.06,3296,2149,152,1139
93,440,0,562,848.48,3313,2177,153,1161
94,427,0,543,857.52,3343,2210,154,1187
95,416,0,526,875.35,3368,2233,157,1216
96,390,0,513,889.34,3393,2265,158,1239
97,387,0,499,903.71,3415,2292,159,1265
98,382,0,491,917.47,3442,2310,160,1280
99,380,0,460,932.91,3465,2336,161,1302
100,369,0,446,947.04,3487,2358,162,1319
101,366,0,433,962.96,3512,2375,164,1338
102,357,0,417,978.27,3537,2393,166,1355
103,344,0,407,992.52,3557,2412,166,1373
104,357,0,408,1007.81,3572,2419,167,1385
105,343,0,386,1020.53,3599,2445,170,1407
106,352,0,362,1033.9,3608,2465,171,1437
107,359,0,346,1050.5,3619,2481,172,1459
108,363,0,336,1061.4,3636,2498,172,1473
109,372,0,330,1072.84,3651,2512,172,1491
110,369,0,324,1080.28,3676,2528,173,1506
111,384,0,310,1088.76,3688,2546,174,1520
112,385,0,310,1097.05,3713,2559,175,1532
113,388,0,304,1100.66,3726,2577,175,1541
114,406,0,282,1110.92,3736,2596,176,1553
115,412,0,268,1118.12,3755,2614,177,1567
116,416,0,261,1125.7,3774,2626,179,1582
117,419,0,259,1127.85,3796,2647,179,1592
118,420,0,248,1132.3,3812,2658,181,1604
119,425,0,246,1134.16,3832,2677,184,1613
120,434,0,246,1138.73,3847,2690,184,1623
121,451,0,243,1137.1,3864,2709,184,1630
122,486,0,241,1134.71,3874,2727,184,1634
123,504,0,222,1131.1,3891,2748,185,1645
124,518,0,213,1132.73,3908,2768,187,1657
125,537,0,213,1135.36,3926,2777,187,1663
126,541,0,209,1133.28,3947,2791,187,1670
127,564,0,212,1134.05,3964,2805,187,1674
128,573,0,212,1132.13,3984,2819,189,1683
129,592,0,211,1126.55,4001,2830,190,1697
130,610,0,210,1115.84,4024,2842,192,1705
131,623,0,215,1108.35,4043,2852,193,1709
132,635,0,209,1109.44,4066,2870,193,1720
133,638,0,213,1100.59,4094,2886,193,1727
134,677,0,221,1095.83,4114,2898,193,1736
135,697,0,224,1088.07,4139,2914,193,1743
136,738,0,220,1080.51,4160,2935,194,1748
137,744,0,234,1065.97,4184,2956,194,1758
138,761,0,246,1051.65,4213,2973,195,1763
139,783,0,259,1036.37,4233,2991,195,1766
140,787,0,253,1024.84,4259,3016,195,1778
141,812,0,254,1006.39,4281,3041,196,1791
142,816,0,259,992.68,4303,3065,198,1801
143,828,0,266,983.23,4321,3086,199,1809
144,853,0,275,974.05,4343,3104,200,1813
145,894,0,279,961,4360,3122,201,1820
146,915,0,283,939.01,4384,3146,203,1830
147,922,0,273,919.97,4410,3170,204,1848
148,962,0,271,906.75,4427,3192,205,1868
149,981,0,271,894.1,4449,3224,205,1879
150,990,0,262,874.35,4480,3255,205,1894
151,1008,0,264,858.53,4516,3290,206,1908
152,1030,0,259,849.05,4543,3318,207,1917
153,1040,0,269,830.15,4578,3338,207,1930
154,1064,0,279,808.95,4606,3356,207,1942
155,1074,0,288,798.11,4641,3388,208,1951
156,1111,0,305,787.37,4667,3402,209,1962
157,1131,0,319,767.3,4699,3423,210,1975
158,1164,0,308,753.95,4725,3454,213,1990
159,1198,0,315,738.19,4756,3478,214,2000
160,1202,0,322,723.28,4796,3507,215,2017
161,1230,0,330,708.95,4833,3536,215,2031
162,1253,0,341,690.26,4863,3563,215,2043
163,1270,0,350,670.98,4902,3596,215,2055
164,1282,0,347,658.43,4949,3620,215,2073
165,1281,0,369,642.45,4991,3644,215,2089
166,1267,0,375,628.07,5053,3681,217,2112
167,1262,0,377,617.73,5107,3714,217,2135
168,1266,0,385,610.01,5152,3743,219,2145
169,1291,0,406,600.23,5191,3773,220,2160
170,1289,0,414,590.63,5247,3801,220,2179
171,1297,0,427,579.34,5291,3834,222,2191
172,1295,0,437,573.99,5331,3868,222,2205
173,1295,0,456,570.09,5374,3906,225,2218
174,1309,0,469,559.67,5407,3941,226,2235
175,1331,0,470,552.61,5442,3976,226,2256
176,1313,0,483,548.45,5489,4011,226,2278
177,1307,0,507,541.51,5527,4037,228,2295
178,1292,0,523,533.21,5572,4064,229,2313
179,1289,0,535,535.65,5609,4100,229,2328
180,1277,0,557,532.42,5663,4125,230,2343
181,1261,0,565,532.29,5718,4157,232,2363
182,1245,0,593,529.13,5774,4182,233,2390
183,1217,0,603,527.8,5835,4210,234,2418
184,1180,0,636,521.73,5909,4237,237,2443
185,1163,0,639,522.36,5964,4270,238,2469
186,1134,0,655,523.12,6026,4307,241,2500
187,1119,0,663,520.53,6080,4336,242,2521
188,1092,0,681,522.21,6133,4367,243,2548
189,1067,0,696,526.05,6195,4401,243,2575
190,1045,0,681,527.13,6248,4440,245,2603
191,1012,0,699,528.09,6311,4477,247,2624
192,977,0,694,534.05,6378,4523,247,2645
193,936,0,695,536.84,6443,4565,249,2664
194,911,0,716,543.69,6488,4601,250,2678
195,888,0,732,553.27,6545,4635,251,2706
196,861,0,741,558.77,6605,4665,252,2729
197,851,0,747,561.47,6652,4702,253,2754
198,805,0,753,568.77,6710,4739,255,2783
199,777,0,744,580.71,6756,4783,255,2808
200,738,0,751,585.82,6803,4817,257,2834
201,707,0,744,598.24,6852,4854,257,2855
202,652,0,750,608.39,6910,4891,259,2881
203,637,0,758,624.98,6957,4923,260,2895
204,625,0,744,634.93,6997,4956,263,2924
205,586,0,737,644.88,7038,4997,263,2948
206,547,0,723,655.98,7087,5037,266,2974
207,512,0,696,667.88,7133,5079,270,3001
208,489,0,688,677.12,7170,5112,273,3021
209,454,0,653,686.62,7219,5149,278,3042
210,432,0,624,697.51,7249,5190,279,3066
211,423,0,616,711.81,7284,5219,282,3095
212,402,0,611,725.15,7317,5243,285,3110
213,376,0,603,739.63,7357,5261,285,3136
214,340,0,604,757.1,7398,5287,288,3157
215,333,0,596,773.98,7426,5319,290,3177
216,310,0,585,786.69,7452,5353,290,3207
217,293,0,573,803.98,7479,5378,291,3235
218,279,0,567,820.45,7511,5406,293,3248
219,265,0,558,833.89,7535,5437,294,3266
220,245,0,555,844.65,7564,5461,295,3279
221,238,0,534,856.84,7583,5488,296,3295
222,229,0,528,875.83,7601,5512,297,3307
223,225,0,516,889.43,7617,5548,297,3325
224,223,0,493,902.65,7638,5575,297,3350
225,231,0,488,917.56,7659,5591,297,3364
226,221,0,458,934.56,7681,5613,299,3384
227,217,0,436,950.53,7697,5635,300,3396
228,227,0,409,967.3,7709,5651,304,3415
229,218,0,379,979.31,7726,5677,305,3437
230,218,0,352,994.06,7744,5705,305,3448
231,236,0,333,1005.67,7751,5720,307,3464
232,241,0,322,1022.54,7764,5737,309,3480
233,239,0,306,1035.37,7781,5746,312,3495
234,238,0,290,1045.77,7794,5758,313,3510
235,243,0,284,1058.05,7812,5767,314,3521
236,252,0,276,1070.29,7825,5777,315,3533
237,250,0,262,1082.42,7835,5791,317,3552
238,267,0,251,1095.95,7843,5804,318,3564
239,279,0,246,1106.65,7852,5808,318,3572
240,280,0,235,1116.87,7867,5821,322,3578
241,299,0,232,1124.89,7878,5833,322,3585
242,308,0,220,1129.17,7887,5844,323,3598
243,322,0,223,1135.54,7898,5853,323,3606
244,336,0,216,1150.55,7909,5866,325,3614
245,344,0,210,1157.18,7923,5874,325,3620
246,352,0,201,1160.33,7932,5887,327,3628
247,369,0,202,1168.79,7940,5892,328,3635
248,374,0,200,1172.63,7953,5905,328,3647
249,392,0,198,1175.25,7964,5914,329,3655
250,403,0,194,1183.64,7980,5920,329,3669
251,423,0,194,1186.16,7995,5930,331,3678
252,450,0,190,1189.97,8010,5936,331,3685
253,459,0,185,1192.45,8024,5946,332,3693
254,474,0,183,1199.41,8038,5964,332,3701
255,481,0,187,1204.03,8051,5976,332,3705
256,492,0,177,1208.77,8061,5986,333,3721
257,511,0,181,1207.93,8069,5995,335,3727
258,518,0,175,1208.07,8084,6004,336,3733
259,538,0,176,1211.15,8092,6013,337,3739
260,574,0,173,1210.14,8105,6021,337,3746
261,595,0,173,1201.99,8120,6022,338,3755
262,606,0,182,1194.65,8143,6025,339,3766
263,640,0,181,1185.21,8157,6038,339,3773
264,649,0,183,1175.58,8175,6060,339,3782
265,662,0,186,1174.21,8190,6080,339,3786
266,681,0,183,1169.67,8204,6095,339,3795
267,696,0,194,1165.31,8220,6106,339,3806
268,727,0,208,1153.97,8236,6115,339,3815
269,768,0,211,1141.61,8245,6125,339,3824
270,789,0,214,1132.87,8257,6133,339,3833
271,821,0,211,1126.08,8270,6151,341,3838
272,833,0,213,1115.51,8286,6170,343,3843
273,883,0,220,1100.37,8301,6181,344,3849
274,923,0,219,1089.28,8321,6198,345,3859
275,950,0,220,1082.59,8334,6209,345,3871
276,1000,0,226,1066.42,8354,6225,347,3881
277,1038,0,230,1053.03,8374,6245,347,3888
278,1055,0,238,1038.83,8395,6260,347,3906
279,1062,0,241,1028.27,8422,6284,347,3921
280,1103,0,232,1016.41,8445,6299,347,3935
281,1130,0,244,997.05,8468,6320,349,3957
282,1151,0,243,987.89,8489,6350,349,3968
283,1178,0,249,979.22,8511,6373,349,3976
284,1195,0,269,966.13,8537,6388,351,3987
285,1223,0,269,950.7,8548,6410,352,4003
286,1248,0,281,936.69,8567,6434,352,4024
287,1282,0,278,925.47,8585,6469,352,4037
288,1293,0,296,905.35,8610,6497,352,4057
289,1319,0,300,893.72,8635,6526,352,4076
290,1328,0,303,884.56,8663,6554,352,4093
291,1307,0,302,873.12,8699,6588,353,4118
292,1310,0,300,867.28,8724,6615,356,4137
293,1345,0,307,858.65,8742,6647,356,4148
294,1355,0,298,844.57,8764,6678,357,4163
295,1389,0,303,831.99,8787,6710,357,4184
296,1401,0,307,822.83,8812,6741,358,4202
297,1390,0,301,813.72,8846,6782,359,4226
298,1382,0,304,801.11,8869,6820,359,4246
299,1389,0,299,789.69,8894,6844,359,4279
300,1393,0,303,771.02,8923,6868,361,4303
301,1414,0,309,764.37,8950,6897,361,4327
302,1413,0,316,750.9,8978,6921,361,4355
303,1418,0,331,734.57,9005,6953,362,4380
304,1412,0,327,719.17,9035,6982,365,4413
305,1436,0,332,699.16,9058,7020,365,4430
306,1441,0,337,691.11,9092,7060,366,4445
307,1442,0,344,684.02,9131,7090,366,4463
308,1423,0,349,672.55,9160,7124,369,4492
309,1439,0,348,659.37,9186,7165,369,4511
310,1421,0,351,642.6,9226,7200,371,4539
311,1397,0,351,633.94,9272,7230,372,4568
312,1429,0,354,621.75,9300,7261,375,4585
313,1437,0,350,617.39,9333,7290,377,4612
314,1442,0,351,602.09,9362,7324,377,4634
315,1458,0,369,587.4,9388,7356,377,4653
316,1463,0,381,577.3,9413,7387,378,4675
317,1465,0,392,560.19,9440,7417,378,4689
318,1485,0,401,551.09,9459,7441,378,4714
319,1485,0,408,541.6,9498,7486,380,4734
320,1474,0,409,532.05,9527,7520,380,4771
321,1476,0,403,528.18,9560,7556,381,4798
322,1481,0,403,519.93,9590,7592,381,4817
323,1479,0,401,502.71,9623,7625,383,4841
324,1473,0,414,497.45,9655,7651,383,4863
325,1457,0,416,497.98,9694,7686,384,4894
326,1472,0,420,495.65,9727,7727,385,4914
327,1477,0,419,496.57,9765,7758,387,4937
328,1482,0,423,495.81,9806,7791,389,4959
329,1498,0,419,494.17,9839,7833,390,4988
330,1480,0,428,495.99,9875,7869,392,5010
331,1453,0,431,500.01,9908,7904,392,5045
332,1439,0,433,502.75,9941,7934,394,5076
333,1446,0,416,509.05,9961,7971,397,5103
334,1397,0,411,515.91,10019,8013,398,5139
335,1390,0,411,521.28,10050,8055,400,5161
336,1360,0,416,527.46,10092,8094,400,5183
337,1320,0,413,532.22,10134,8131,401,5226
338,1297,0,422,536.62,10174,8162,402,5243
339,1299,0,437,538.5,10208,8188,402,5262
340,1278,0,451,543.67,10247,8208,404,5284
341,1240,0,442,555.49,10283,8250,405,5318
342,1217,0,444,557.33,10312,8275,409,5351
343,1190,0,449,561.06,10355,8312,409,5382
344,1153,0,455,563.61,10391,8347,410,5414
345,1124,0,462,575.12,10423,8380,412,5432
346,1130,0,466,581.98,10453,8402,413,5453
347,1104,0,468,589.46,10484,8434,416,5480
348,1090,0,469,592.87,10520,8457,419,5499
349,1063,0,480,599.95,10565,8482,423,5530
350,1045,0,476,611.59,10612,8515,423,5565
351,1019,0,472,618.14,10648,8549,424,5591
352,993,0,469,627.03,10692,8580,426,5616
353,982,0,469,630.21,10743,8611,426,5636
354,971,0,474,639.1,10776,8638,426,5660
355,958,0,478,648.87,10815,8668,428,5670
356,923,0,486,657.03,10862,8691,429,5687
357,903,0,475,665.01,10905,8727,431,5705
358,870,0,468,670.34,10944,8760,434,5731
359,867,0,456,676.35,10978,8787,439,5751
360,845,0,456,683.99,11012,8818,441,5770
361,830,0,465,691.09,11039,8842,443,5790
362,811,0,453,696.99,11085,8862,443,5817
363,785,0,463,704.83,11129,8888,444,5843
364,791,0,450,714.45,11150,8915,447,5853
365,787,0,445,716.95,11175,8942,449,5876
366,784,0,438,718.41,11210,8977,449,5895
367,768,0,441,720.02,11254,8991,450,5923
368,759,0,444,724.95,11289,9020,453,5948
369,742,0,425,728.74,11324,9055,454,5968
370,750,0,425,735.29,11363,9079,455,5978
371,756,0,434,739.47,11393,9094,455,5990
372,747,0,445,746.53,11431,9114,459,6006
373,750,0,451,751.41,11465,9134,459,6027
374,742,0,459,754.87,11501,9150,463,6049
375,732,0,459,761.74,11543,9185,463,6060
376,714,0,465,763.51,11577,9209,466,6076
377,695,0,469,770.06,11620,9236,466,6093
378,699,0,466,772.07,11661,9262,466,6106
379,677,0,469,776.05,11692,9291,467,6122
380,660,0,463,778.07,11740,9318,469,6139
381,637,0,458,776.29,11782,9348,470,6153
382,668,0,458,780.81,11804,9374,470,6161
383,685,0,447,782.29,11829,9395,471,6176
384,702,0,440,784.95,11856,9420,472,6199
385,734,0,440,781.57,11884,9439,472,6210
386,748,0,441,774.23,11919,9472,473,6221
387,747,0,441,771.49,11945,9500,474,6237
388,735,0,431,773.75,11979,9535,475,6256
389,734,0,440,773.74,12013,9550,476,6270
390,739,0,451,769.76,12046,9564,477,6288
391,737,0,456,769.42,12076,9589,477,6312
392,729,0,448,764.11,12114,9619,480,6325
393,734,0,458,761.69,12146,9638,482,6344
394,750,0,465,753.74,12176,9663,484,6353
395,759,0,456,755.64,12209,9689,485,6365
396,761,0,456,757.09,12247,9711,487,6375
397,789,0,460,757.53,12273,9734,488,6390
398,809,0,464,746.14,12305,9751,489,6411
399,827,0,458,730.77,12335,9773,490,6430
400,856,0,451,719.11,12371,9792,492,6448
401,875,0,441,718.69,12405,9814,494,6475
402,880,0,438,717.33,12439,9849,496,6489
403,893,0,440,706.36,12472,9869,498,6511
404,908,0,445,700.03,12506,9890,499,6530
405,931,0,455,696.05,12540,9906,501,6541
406,947,0,460,692.39,12578,9932,503,6556
407,959,0,465,686.69,12608,9947,505,6574
408,954,0,473,687.29,12657,9980,505,6591
409,946,0,480,685.66,12697,10011,507,6607
410,961,0,487,684.27,12729,10044,508,6623
411,948,0,468,679.01,12769,10076,509,6639
412,934,0,464,678.43,12817,10106,511,6657
413,942,0,454,678.33,12851,10137,511,6671
414,943,0,481,675.38,12884,10166,514,6685
415,944,0,481,676.29,12919,10193,516,6704
416,924,0,490,673.79,12962,10207,518,6731
417,922,0,492,675.39,13000,10237,518,6750
418,933,0,499,678,13034,10256,520,6768
419,923,0,497,672.31,13081,10279,522,6784
420,911,0,495,665.63,13115,10306,522,6801
421,908,0,519,671.89,13160,10337,524,6818
422,893,0,520,668.73,13208,10360,525,6847
423,865,0,513,665.31,13248,10390,525,6873
424,857,0,518,669.56,13290,10422,527,6890
425,859,0,529,674.33,13337,10448,528,6905
426,842,0,531,679.53,13383,10473,530,6925
427,813,0,535,677.39,13434,10501,531,6951
428,815,0,540,680.45,13477,10523,534,6962
429,832,0,555,678.24,13515,10540,535,6974
430,813,0,547,679.51,13562,10573,536,6999
431,796,0,552,680.73,13615,10600,536,7014
432,787,0,595,684.95,13665,10623,537,7028
433,735,0,599,693.05,13726,10656,538,7037
434,702,0,609,698.37,13773,10691,541,7060
435,695,0,612,706.37,13821,10715,543,7074
436,684,0,620,710.97,13854,10749,544,7087
437,648,0,631,714.19,13903,10777,546,7100
438,617,0,627,721.25,13953,10804,546,7131
439,588,0,632,730.65,14005,10835,551,7149
440,563,0,621,741.84,14042,10873,554,7164
441,544,0,627,753.07,14071,10892,555,7181
442,539,0,628,762.64,14104,10916,555,7203
443,510,0,626,767.4,14139,10941,560,7224
444,494,0,639,772.47,14175,10961,564,7239
445,500,0,640,787.16,14205,10974,566,7269
446,493,0,651,797,14233,10993,567,7288
447,485,0,633,803.51,14267,11015,567,7316
448,465,0,645,816.05,14305,11036,568,7334
449,456,0,634,827.85,14338,11056,570,7358
450,451,0,638,835.57,14370,11082,573,7372
451,450,0,633,843.95,14400,11095,576,7393
452,438,0,627,853.17,14437,11121,577,7414
453,436,0,613,858.93,14461,11145,581,7437
454,422,0,611,867.35,14491,11171,583,7459
455,440,0,600,877.2,14514,11192,586,7475
456,428,0,585,885.29,14546,11217,591,7493
457,412,0,561,893.11,14575,11243,595,7519
458,392,0,530,902.45,14605,11286,597,7545
459,387,0,510,913.05,14629,11306,599,7564
460,381,0,511,924.78,14654,11321,599,7581
461,374,0,505,934.39,14676,11337,601,7600
462,357,0,497,944.86,14707,11353,605,7619
463,356,0,475,952.37,14734,11377,608,7639
464,357,0,454,962.19,14763,11398,611,7661
465,342,0,446,972.28,14788,11415,613,7678
466,336,0,444,981.77,14808,11429,615,7689
467,335,0,432,992.86,14833,11447,616,7709
468,325,0,424,1002.1,14856,11461,619,7728
469,338,0,416,1012.59,14871,11477,619,7745
470,359,0,406,1020.21,14891,11489,622,7760
471,358,0,389,1024.85,14908,11506,624,7779
472,357,0,367,1032.34,14928,11529,626,7791
473,363,0,361,1037.41,14946,11549,627,7805
474,365,0,346,1042.46,14966,11569,629,7819
475,361,0,335,1047.15,14985,11589,632,7837
476,384,0,321,1053.15,15003,11603,635,7845
477,397,0,307,1059.13,15018,11620,636,7864
478,412,0,298,1062.67,15039,11629,637,7878
479,420,0,280,1068.16,15058,11645,638,7902
480,438,0,271,1076.33,15072,11656,639,7915
481,452,0,280,1078.75,15091,11669,639,7919
482,459,0,280,1078.55,15112,11682,641,7929
483,475,0,273,1083.37,15127,11694,644,7940
484,500,0,271,1090.04,15149,11711,646,7947
485,505,0,272,1091.79,15170,11723,646,7958
486,510,0,287,1094.83,15190,11738,646,7969
487,538,0,278,1096.81,15206,11752,648,7982
488,539,0,274,1097.45,15233,11764,650,7994
489,544,0,272,1103.86,15259,11781,651,8006
490,549,0,264,1101.17,15282,11801,652,8019
491,543,0,260,1100.68,15309,11817,652,8034
492,553,0,249,1100.49,15332,11837,655,8045
493,545,0,245,1101.1,15363,11856,656,8054
494,550,0,258,1101.69,15392,11878,657,8062
495,576,0,261,1105.76,15412,11890,659,8069
496,571,0,257,1107.09,15443,11910,659,8076
497,576,0,251,1103.26,15466,11929,660,8088
498,592,0,250,1102.53,15482,11945,661,8093
499,593,0,241,1102.8,15505,11970,663,8106
500,598,0,253,1102.41,15527,11982,663,8112
501,590,0,253,1104.19,15563,12001,663,8119
502,599,0,255,1102.71,15586,12020,664,8131
503,607,0,260,1109.55,15609,12036,664,8140
504,605,0,262,1111.5,15637,12059,665,8146
505,609,0,277,1105.73,15668,12069,665,8152
506,615,0,284,1102.53,15703,12089,666,8161
507,609,0,288,1100.7,15731,12112,667,8173
508,604,0,292,1097.91,15760,12134,667,8186
509,612,0,296,1092.26,15787,12152,668,8192
510,624,0,302,1086.69,15811,12164,668,8202
511,636,0,307,1084.11,15846,12185,669,8212
512,621,0,317,1082.85,15874,12204,669,8220
513,621,0,319,1077.55,15900,12234,669,8235
514,616,0,320,1074.07,15929,12252,669,8237
515,601,0,327,1076.99,15965,12277,670,8248
516,616,0,324,1074.24,15987,12299,671,8259
517,627,0,334,1065.13,16015,12314,671,8272
518,661,0,319,1054.32,16041,12334,674,8287
519,666,0,324,1046.4,16068,12357,674,8301
520,677,0,335,1037.17,16087,12375,674,8309
521,677,0,345,1031.91,16111,12395,674,8323
522,693,0,357,1022.12,16139,12414,677,8332
523,701,0,367,1019.54,16169,12439,678,8340
524,710,0,365,1008.87,16196,12465,679,8349
525,729,0,371,998.32,16222,12481,679,8359
526,765,0,375,985.07,16254,12497,680,8375
527,780,0,377,974.59,16285,12519,680,8384
528,793,0,370,954.77,16309,12540,680,8405
529,826,0,388,933.95,16330,12556,680,8417
530,852,0,381,921.78,16348,12583,681,8429
531,863,0,381,909.95,16382,12609,681,8434
532,904,0,370,898.8,16410,12634,681,8451
533,941,0,352,882.13,16433,12673,682,8466
534,977,0,345,857.69,16463,12695,684,8487
535,977,0,338,843.18,16489,12727,686,8507
536,996,0,343,827.38,16516,12746,686,8522
537,1019,0,338,815.89,16542,12762,686,8536
538,1054,0,337,803.08,16570,12787,688,8554
539,1074,0,340,781.13,16604,12812,688,8571
540,1098,0,344,764.05,16641,12835,690,8586
541,1114,0,340,753.01,16684,12860,690,8601
542,1135,0,336,736.97,16719,12879,690,8622
543,1150,0,337,723.05,16756,12908,692,8632
544,1142,0,354,709.97,16801,12924,694,8650
545,1155,0,370,698.97,16844,12952,694,8664
546,1176,0,380,690,16883,12979,694,8673
547,1193,0,392,684.65,16916,13007,695,8688
548,1204,0,418,671,16947,13032,696,8707
549,1193,0,428,661.36,16997,13057,699,8719
550,1203,0,446,643.27,17044,13091,699,8732
551,1184,0,456,637.87,17093,13118,702,8743
552,1191,0,469,623.49,17147,13156,702,8764
553,1163,0,473,609.79,17204,13188,704,8793
554,1172,0,487,594.18,17244,13205,706,8816
555,1153,0,493,584.83,17299,13243,707,8833
556,1151,0,500,581.51,17350,13290,707,8852
557,1166,0,499,574.98,17399,13323,708,8864
558,1163,0,514,569.27,17450,13349,709,8886
559,1153,0,515,556.87,17496,13385,709,8903
560,1138,0,514,550.42,17546,13418,710,8919
561,1130,0,522,543.61,17598,13460,711,8941
562,1109,0,548,544.28,17644,13495,711,8955
563,1114,0,550,536.53,17678,13525,711,8979
564,1107,0,573,547.55,17718,13552,713,8994
565,1066,0,585,543.09,17782,13584,714,9011
566,1040,0,610,548.2,17836,13616,715,9023
567,1019,0,622,550.13,17899,13648,715,9041
568,1009,0,628,550.97,17936,13683,716,9059
569,971,0,642,551.23,17995,13718,718,9085
570,941,0,647,552.07,18051,13752,722,9103
571,898,0,646,562.04,18107,13782,723,9129
572,866,0,661,570.52,18163,13806,725,9149
573,845,0,650,582.75,18223,13841,727,9171
574,813,0,667,583.99,18270,13868,728,9186
575,800,0,672,589.79,18318,13896,732,9219
576,793,0,677,593.97,18356,13929,732,9235
577,771,0,682,602.97,18405,13948,733,9263
578,739,0,683,615.91,18457,13975,735,9280
579,716,0,672,624.9,18499,14018,736,9305
580,708,0,669,636.39,18550,14045,736,9330
581,672,0,663,648.08,18611,14079,737,9349
582,633,0,669,660.04,18659,14114,737,9378
583,592,0,654,671.11,18716,14158,738,9402
584,556,0,665,680.81,18768,14186,739,9419
585,525,0,660,689.63,18811,14222,740,9433
586,485,0,679,705.44,18859,14251,741,9451
587,457,0,682,721.89,18901,14280,744,9467
588,437,0,689,730.89,18937,14304,744,9487
589,426,0,695,746.95,18967,14327,744,9512
590,413,0,681,760.02,19005,14353,745,9533
591,394,0,672,777.1,19047,14375,747,9557
592,360,0,669,789.33,19081,14400,748,9577
593,341,0,655,806.47,19107,14424,750,9599
594,322,0,653,822.25,19137,14441,756,9620
595,322,0,641,834.87,19161,14465,762,9643
596,309,0,636,851.87,19189,14490,762,9660
597,286,0,614,869.71,19212,14513,764,9692
598,284,0,608,884.95,19235,14526,769,9710
599,268,0,587,899.37,19263,14548,771,9745
600,257,0,585,911.44,19288,14564,773,9765
601,248,0,560,922.69,19310,14584,775,9793
602,236,0,547,938.76,19334,14603,777,9818
603,235,0,534,952.74,19346,14619,779,9833
604,246,0,511,965.28,19355,14647,780,9855
605,261,0,490,979.8,19365,14661,784,9886
606,251,0,463,989.39,19384,14681,785,9908
607,254,0,428,1000.31,19395,14703,787,9934
608,269,0,405,1015.22,19402,14726,790,9949
609,288,0,381,1028.23,19414,14745,791,9966
610,293,0,355,1040.09,19424,14767,792,9985
611,298,0,331,1051.73,19431,14787,793,9998
612,318,0,311,1062.77,19438,14805,793,10017
613,338,0,281,1071.81,19448,14819,796,10044
614,357,0,265,1076.62,19455,14833,797,10054
615,370,0,244,1079.99,19467,14851,800,10069
616,394,0,228,1093.58,19479,14861,803,10081
617,403,0,219,1103.19,19493,14876,804,10094
618,417,0,203,1116.06,19505,14888,807,10107
619,424,0,195,1123.67,19513,14899,808,10117
620,428,0,177,1125.92,19524,14916,811,10130
621,440,0,178,1139.31,19533,14927,811,10141
622,451,0,169,1147.88,19549,14938,811,10154
623,455,0,159,1153.95,19563,14953,811,10164
624,460,0,150,1159.63,19580,14968,815,10173
625,456,0,133,1166.97,19595,14982,818,10191
626,453,0,134,1179.57,19615,14991,820,10194
627,464,0,131,1191.74,19637,15004,820,10199
628,468,0,141,1194.47,19647,15014,822,10206
629,469,0,141,1206.36,19666,15026,822,10210
630,484,0,142,1212.26,19679,15032,825,10219
631,493,0,154,1219.99,19695,15038,826,10227
632,485,0,161,1225.46,19715,15054,826,10232
633,477,0,159,1235.21,19735,15072,826,10240
634,478,0,161,1238.94,19748,15086,826,10248
635,494,0,164,1244.16,19766,15094,826,10254
636,497,0,159,1248.43,19781,15111,828,10263
637,509,0,165,1251.11,19797,15127,828,10269
638,514,0,166,1253.43,19816,15136,828,10273
639,519,0,170,1257.49,19831,15147,828,10279
640,514,0,163,1260.19,19853,15166,829,10289
641,517,0,170,1264,19864,15179,829,10297
642,544,0,170,1270.12,19876,15194,829,10301
643,556,0,171,1279.71,19892,15203,829,10308
644,576,0,178,1279.09,19910,15215,829,10312
645,578,0,178,1285.29,19936,15234,829,10314
646,572,0,188,1282.63,19958,15249,831,10328
647,582,0,188,1285.99,19975,15257,831,10337
648,587,0,192,1288.83,19986,15268,831,10342
649,574,0,208,1293.63,20004,15280,831,10348
650,575,0,211,1292.97,20037,15296,831,10358
651,559,0,222,1294.73,20059,15315,831,10368
652,556,0,238,1290.79,20081,15330,831,10376
653,570,0,247,1292.71,20101,15344,831,10388
654,576,0,257,1294.96,20117,15357,831,10398
655,577,0,256,1292.55,20144,15373,831,10407
656,591,0,260,1291.53,20156,15387,831,10414
657,605,0,257,1293.07,20167,15403,831,10425
658,630,0,272,1288.86,20186,15413,831,10427
659,648,0,270,1277.82,20202,15423,832,10443
660,676,0,273,1268.82,20218,15440,832,10453
661,681,0,278,1261.55,20237,15453,833,10469
662,690,0,276,1250.33,20253,15468,835,10480
663,714,0,278,1241.52,20270,15490,835,10491
664,718,0,273,1229.03,20284,15503,835,10505
665,735,0,276,1218.13,20295,15514,835,10523
666,783,0,270,1207.44,20314,15525,836,10535
667,791,0,259,1192.79,20336,15546,836,10551
668,801,0,265,1178.68,20350,15567,836,10562
669,825,0,269,1173.91,20370,15586,836,10574
670,846,0,267,1164.58,20395,15603,837,10586
671,866,0,266,1154.43,20407,15616,837,10600
672,885,0,254,1140.25,20425,15640,838,10614
673,905,0,256,1133.98,20443,15669,838,10628
674,924,0,258,1124.89,20467,15691,838,10642
675,937,0,248,1115.7,20492,15715,839,10657
676,938,0,245,1107,20516,15737,839,10675
677,952,0,247,1094.86,20533,15753,841,10687
678,962,0,249,1082.58,20555,15784,841,10702
679,992,0,258,1076.45,20573,15802,844,10710
680,1020,0,261,1061.09,20597,15824,845,10718
681,1043,0,260,1043.2,20615,15845,846,10736
682,1045,0,268,1036.77,20636,15874,847,10757
683,1048,0,268,1028.06,20667,15901,849,10768
684,1071,0,265,1020.35,20687,15917,849,10789
685,1114,0,266,1001.26,20707,15934,849,10807
686,1111,0,261,986.49,20726,15955,852,10827
687,1112,0,255,975.31,20748,15978,854,10848
688,1123,0,258,964.1,20772,16008,854,10859
689,1123,0,248,951.14,20803,16037,854,10874
690,1143,0,244,937.63,20827,16055,854,10890
691,1162,0,247,929.19,20854,16078,854,10905
692,1183,0,236,913.8,20876,16101,856,10924
693,1186,0,249,901.7,20899,16122,857,10944
694,1216,0,264,887.52,20923,16148,859,10959
695,1225,0,262,881.54,20949,16168,860,10984
696,1264,0,278,865.37,20970,16193,860,10997
697,1275,0,276,847.17,21008,16215,860,11016
698,1257,0,287,833.61,21046,16252,862,11036
699,1271,0,300,817.49,21075,16284,863,11058
700,1288,0,302,800.35,21105,16313,863,11079
701,1290,0,313,789.5,21153,16342,863,11093
702,1295,0,319,774.09,21195,16368,863,11112
703,1304,0,319,768.63,21237,16394,864,11126
704,1325,0,328,756.99,21268,16420,865,11141
705,1331,0,338,746.59,21303,16440,865,11152
706,1304,0,335,735.4,21356,16469,868,11176
707,1296,0,343,719.7,21392,16502,870,11196
708,1314,0,354,711.39,21424,16523,871,11207
709,1303,0,362,698,21476,16550,873,11232
710,1298,0,366,689,21505,16575,875,11248
711,1292,0,363,679.6,21539,16603,877,11267
712,1286,0,372,670.35,21583,16641,878,11287
713,1285,0,378,663.14,21626,16680,879,11305
714,1285,0,400,656.1,21654,16707,881,11328
715,1263,0,437,652.92,21708,16728,883,11346
716,1250,0,456,643.49,21754,16764,883,11365
717,1244,0,462,642.71,21798,16806,883,11382
718,1202,0,467,636.99,21854,16838,886,11411
719,1189,0,484,636.09,21898,16859,887,11442
720,1189,0,483,628.99,21944,16880,888,11465
721,1174,0,499,627.29,21989,16904,888,11485
722,1155,0,506,619.97,22036,16939,889,11502
723,1157,0,529,619.65,22084,16967,890,11514
724,1122,0,541,615.83,22131,16998,890,11539
725,1107,0,555,612.31,22192,17027,892,11555
726,1066,0,553,614.05,22240,17064,893,11575
727,1046,0,558,617.51,22286,17100,894,11599
728,1045,0,573,614.27,22328,17126,895,11628
729,1023,0,575,616.13,22374,17158,898,11652
730,1014,0,585,613.66,22420,17181,900,11673
731,965,0,612,616.63,22479,17205,903,11705
732,947,0,621,616.99,22524,17231,905,11730
733,910,0,635,621.58,22570,17263,906,11750
734,886,0,658,630.65,22621,17289,906,11766
735,847,0,660,635.83,22677,17321,906,11790
736,797,0,663,637.35,22735,17364,908,11809
737,755,0,654,639.86,22795,17405,909,11832
738,742,0,637,651.48,22830,17442,909,11857
739,709,0,642,659.61,22880,17474,909,11878
740,697,0,637,666.94,22922,17501,911,11901
741,710,0,641,675.09,22959,17530,911,11917
742,685,0,633,690.21,22989,17565,915,11941
743,657,0,607,699.01,23030,17603,920,11965
744,624,0,608,709.31,23077,17620,921,11994
745,602,0,612,716.93,23107,17644,923,12019
746,582,0,606,722.59,23152,17679,923,12035
747,559,0,581,734.61,23192,17712,926,12065
748,535,0,577,746.65,23229,17743,927,12081
749,526,0,570,753.06,23267,17762,929,12099
750,499,0,577,767.05,23300,17779,930,12121
751,476,0,586,776.15,23340,17790,930,12145
752,463,0,574,786.86,23378,17819,932,12172
753,453,0,571,796.59,23413,17843,934,12194
754,446,0,567,807.18,23435,17865,934,12215
755,442,0,585,818.54,23462,17881,936,12228
756,429,0,591,831.12,23501,17895,937,12243
757,418,0,574,837.01,23534,17926,937,12261
758,415,0,560,848.47,23566,17947,939,12285
759,403,0,550,854.61,23598,17967,940,12304
760,386,0,548,863.85,23627,17982,941,12321
761,376,0,543,873.67,23656,17997,944,12339
762,353,0,535,886.49,23687,18013,945,12358
763,350,0,537,898.55,23709,18030,948,12373
764,351,0,529,907.85,23733,18044,950,12387
765,360,0,508,920.5,23758,18059,953,12413
766,350,0,496,932.02,23787,18077,954,12435
767,366,0,494,940.65,23817,18092,954,12448
768,371,0,489,946.11,23844,18106,957,12467
769,373,0,488,947.99,23869,18121,958,12486
770,387,0,475,957.47,23893,18139,961,12504
771,393,0,462,963.69,23910,18165,963,12525
772,417,0,438,969.18,23929,18195,965,12540
773,415,0,414,977.09,23946,18223,967,12560
774,434,0,389,982.13,23964,18249,970,12577
775,443,0,376,992.65,23982,18271,971,12590
776,462,0,357,999.83,24002,18289,971,12607
777,481,0,356,1005.68,24020,18307,971,12619
778,487,0,350,1005.84,24039,18323,973,12628
779,496,0,344,1009.73,24056,18339,976,12643
780,498,0,326,1019.2,24073,18356,977,12659
781,514,0,311,1024.13,24082,18375,978,12678
782,536,0,305,1027.6,24094,18390,978,12694
783,549,0,296,1034.98,24109,18403,978,12712
784,550,0,283,1042.34,24132,18420,981,12728
785,553,0,284,1045.3,24152,18435,982,12735
786,568,0,274,1045.98,24168,18455,983,12749
787,588,0,267,1047.29,24182,18469,983,12764
788,600,0,268,1048.58,24202,18482,983,12774
789,594,0,262,1049.49,24230,18493,985,12786
790,606,0,269,1052.75,24255,18504,985,12802
791,600,0,257,1056.5,24273,18526,987,12815
792,611,0,256,1056.98,24293,18536,987,12831
793,618,0,253,1059.01,24313,18554,989,12840
794,626,0,252,1055.65,24335,18571,990,12851
795,654,0,243,1054.39,24351,18591,992,12860
796,677,0,249,1052.26,24362,18602,992,12866
797,712,0,268,1049.03,24371,18614,993,12876
798,725,0,270,1051.09,24384,18626,993,12890
799,749,0,268,1051.13,24403,18641,995,12900
800,757,0,268,1048.21,24424,18652,996,12911
801,757,0,265,1050.45,24440,18665,996,12928
802,757,0,273,1050.74,24457,18680,996,12937
803,781,0,270,1057.27,24473,18697,997,12947
804,799,0,270,1061.08,24490,18710,998,12961
805,821,0,262,1059.99,24513,18737,999,12974
806,845,0,253,1059.42,24530,18764,1000,12982
807,853,0,255,1054.37,24556,18784,1000,13002
808,862,0,267,1049.84,24569,18803,1000,13021
809,887,0,273,1039.04,24584,18819,1003,13034
810,908,0,263,1033.89,24603,18835,1005,13059
811,917,0,263,1030.86,24624,18849,1005,13075
812,913,0,249,1028.59,24642,18871,1005,13107
813,923,0,251,1029.76,24664,18887,1005,13122
814,930,0,253,1023.35,24685,18907,1006,13137
815,945,0,257,1018.55,24702,18926,1008,13152
816,953,0,266,1008.92,24723,18946,1008,13167
817,931,0,260,996.34,24753,18972,1008,13181
818,949,0,253,982.59,24771,19000,1009,13193
819,958,0,246,973.56,24793,19036,1009,13208
820,973,0,239,969.95,24817,19057,1011,13229
821,948,0,243,962.83,24845,19082,1011,13253
822,955,0,245,951.49,24877,19095,1012,13276
823,961,0,243,943.55,24905,19122,1012,13291
824,965,0,247,937.65,24928,19151,1013,13304
825,965,0,252,931.5,24969,19180,1014,13319
826,971,0,267,921.39,24999,19201,1015,13334
827,979,0,261,922.83,25040,19228,1016,13342
828,1002,0,269,914.38,25068,19253,1019,13349
829,1009,0,271,898.75,25096,19280,1019,13366
830,1020,0,283,883.27,25127,19299,1019,13377
831,1034,0,299,868.95,25155,19332,1021,13387
832,1048,0,309,857.51,25193,19354,1022,13400
833,1037,0,305,840.77,25243,19382,1022,13410
834,1057,0,305,830.44,25276,19409,1024,13427
835,1062,0,323,819.05,25310,19427,1025,13438
836,1061,0,349,807.88,25349,19451,1025,13448
837,1076,0,353,798.03,25381,19478,1025,13463
838,1073,0,356,791.6,25416,19504,1028,13471
839,1045,0,353,787.95,25459,19543,1030,13483
840,1048,0,360,782.05,25491,19568,1031,13500
841,1047,0,385,774.2,25527,19585,1031,13518
842,1046,0,403,768.83,25558,19613,1032,13536
843,1059,0,411,762.06,25587,19639,1035,13555
844,1069,0,415,757.09,25620,19670,1036,13574
845,1075,0,414,745.61,25652,19703,1036,13586
846,1092,0,424,733.89,25680,19729,1036,13605
847,1077,0,435,725.77,25719,19772,1037,13618
848,1097,0,439,718.07,25756,19806,1037,13631
849,1089,0,429,714.73,25801,19836,1037,13649
850,1092,0,436,707.05,25836,19864,1037,13671
851,1083,0,450,701.3,25886,19881,1038,13689
852,1089,0,479,695.25,25927,19902,1038,13702
853,1084,0,493,691.19,25965,19925,1038,13720
854,1087,0,509,683.45,26015,19954,1038,13732
855,1084,0,515,673,26054,19991,1040,13751
856,1091,0,526,669.85,26091,20012,1042,13771
857,1084,0,533,663.59,26127,20058,1043,13795
858,1091,0,521,653.4,26173,20083,1045,13814
859,1075,0,531,647.6,26224,20117,1046,13831
860,1058,0,537,644.49,26267,20146,1046,13853
861,1028,0,539,639.5,26315,20182,1046,13877
862,1029,0,541,639.91,26366,20205,1049,13899
863,1028,0,549,628.32,26408,20250,1051,13922
864,1017,0,566,632.36,26462,20275,1053,13940
865,1008,0,550,626.44,26509,20305,1057,13968
866,978,0,561,619.71,26564,20328,1057,13993
867,960,0,569,615.26,26617,20345,1058,14021
868,938,0,590,621.73,26661,20369,1059,14041
869,920,0,585,617.1,26701,20398,1061,14074
870,933,0,582,608.59,26746,20427,1062,14095
871,906,0,598,602.02,26798,20464,1062,14113
872,889,0,612,604.82,26842,20489,1063,14132
873,868,0,617,606.78,26895,20517,1066,14151
874,850,0,639,604.35,26940,20544,1066,14172
875,840,0,645,597.91,26993,20575,1069,14188
876,831,0,649,595.93,27047,20607,1070,14212
877,824,0,661,597.33,27091,20636,1072,14242
878,797,0,678,598.69,27135,20673,1072,14261
879,768,0,673,599.81,27182,20714,1074,14283
880,752,0,667,608.02,27221,20751,1075,14305
881,747,0,671,612.93,27268,20784,1076,14322
882,720,0,679,619.12,27308,20824,1076,14342
883,697,0,658,629.45,27348,20858,1076,14366
884,682,0,661,637.53,27388,20893,1078,14387
885,679,0,655,644.27,27413,20925,1082,14414
886,659,0,661,654.12,27450,20948,1084,14434
887,650,0,656,660.75,27488,20980,1087,14456
888,638,0,645,665.25,27527,21011,1088,14477
889,609,0,634,674.45,27561,21041,1088,14507
890,593,0,607,688.83,27597,21076,1089,14539
891,603,0,580,696.42,27631,21107,1092,14565
892,592,0,587,704.91,27666,21133,1095,14579
893,573,0,573,714.42,27713,21154,1096,14604
894,565,0,573,723.41,27742,21179,1096,14625
895,569,0,566,738.58,27772,21203,1098,14644
896,530,0,564,749.15,27807,21236,1099,14663
897,501,0,558,757.97,27850,21253,1102,14693
898,484,0,556,767.89,27893,21271,1102,14718
899,473,0,554,781.26,27923,21286,1105,14742
900,470,0,550,788.07,27955,21306,1105,14768
901,467,0,533,796.31,27983,21329,1107,14790
902,454,0,521,805.97,28027,21359,1108,14806
903,443,0,524,819.62,28060,21382,1111,14817
904,443,0,508,828.91,28098,21407,1115,14839
905,434,0,487,841.62,28129,21428,1117,14858
906,423,0,494,849.69,28158,21454,1119,14872
907,410,0,501,860.25,28196,21467,1119,14890
908,395,0,494,866.77,28226,21495,1119,14910
909,386,0,497,880.64,28257,21516,1120,14929
910,394,0,487,893.78,28287,21535,1121,14944
911,393,0,487,903.52,28320,21556,1125,14961
912,405,0,486,913.89,28334,21569,1127,14972
913,392,0,495,923.24,28358,21584,1129,14991
914,387,0,481,935.47,28390,21608,1131,15005
915,394,0,459,945.05,28413,21631,1135,15021
916,394,0,448,953.99,28439,21653,1137,15033
917,386,0,446,967.51,28466,21669,1137,15049
918,386,0,444,978.39,28488,21695,1137,15056
919,375,0,436,982.19,28509,21714,1139,15076
920,388,0,434,988.05,28530,21740,1142,15090
921,402,0,425,990.98,28542,21756,1144,15111
922,393,0,406,998.55,28561,21780,1146,15140
923,410,0,411,1005.62,28578,21794,1149,15153
924,414,0,387,1014.14,28593,21817,1151,15171
925,429,0,379,1022.7,28612,21831,1152,15185
926,436,0,362,1027.21,28625,21843,1153,15207
927,442,0,342,1038.13,28646,21868,1154,15217
928,440,0,323,1046.19,28667,21896,1154,15234
929,444,0,309,1053.05,28681,21921,1155,15244
930,457,0,302,1061.37,28698,21934,1157,15261
931,457,0,283,1065.5,28719,21955,1159,15271
932,453,0,266,1071.59,28743,21969,1160,15289
933,453,0,248,1074.83,28757,21989,1163,15310
934,469,0,238,1081.81,28773,22005,1166,15321
935,474,0,233,1086,28791,22023,1168,15335
936,486,0,236,1091.79,28808,22040,1169,15348
937,502,0,234,1102.49,28825,22063,1169,15355
938,498,0,246,1106.89,28852,22077,1169,15363
939,499,0,240,1108.79,28878,22100,1172,15370
940,513,0,239,1116.07,28889,22128,1172,15379
941,523,0,237,1116.47,28911,22147,1174,15382
942,517,0,232,1123.91,28936,22166,1176,15391
943,511,0,222,1127.77,28967,22191,1177,15399
944,507,0,211,1130.07,28995,22214,1177,15403
945,502,0,208,1134.03,29020,22235,1178,15407
946,492,0,215,1136.58,29048,22255,1178,15417
947,496,0,209,1139.94,29066,22275,1179,15424
948,509,0,203,1147.03,29087,22287,1179,15431
949,497,0,199,1150.77,29118,22304,1181,15442
950,513,0,206,1148.16,29138,22317,1181,15446
951,526,0,203,1152.79,29158,22331,1181,15456
952,525,0,205,1150.35,29178,22348,1181,15463
953,531,0,203,1148.35,29200,22364,1181,15470
954,524,0,201,1139.99,29229,22381,1183,15476
955,536,0,205,1136.93,29247,22397,1184,15480
956,547,0,210,1139.11,29264,22411,1184,15480
957,566,0,217,1138.49,29287,22424,1185,15483
958,564,0,219,1133.31,29313,22437,1185,15490
959,573,0,233,1130.33,29327,22453,1186,15501
960,584,0,236,1130.78,29343,22466,1186,15509
961,578,0,242,1131.94,29366,22487,1186,15515
962,584,0,260,1131.46,29393,22499,1186,15528
963,603,0,262,1124.71,29411,22516,1187,15535
964,636,0,266,1119.67,29432,22534,1187,15543
965,662,0,265,1111.73,29447,22555,1188,15552
966,686,0,266,1108.49,29471,22575,1189,15556
967,688,0,264,1096.03,29494,22598,1189,15564
968,704,0,269,1094.37,29512,22612,1189,15575
969,733,0,267,1088.98,29536,22639,1189,15582
970,745,0,277,1079.65,29565,22651,1189,15590
971,755,0,272,1069.51,29587,22674,1189,15596
972,744,0,275,1063.55,29622,22689,1190,15608
973,773,0,278,1055.41,29649,22705,1190,15614
974,778,0,281,1045.05,29680,22728,1190,15627
975,813,0,279,1036.24,29706,22740,1190,15637
976,822,0,280,1028.55,29730,22760,1191,15646
977,851,0,287,1017.84,29747,22773,1191,15664
978,865,0,280,999.97,29783,22795,1191,15679
979,884,0,278,982.39,29815,22820,1192,15692
980,896,0,297,967.86,29851,22834,1192,15701
981,905,0,301,948.71,29882,22852,1192,15713
982,915,0,309,931.61,29909,22876,1192,15723
983,939,0,324,913.27,29942,22896,1192,15732
984,972,0,337,908.15,29974,22916,1192,15745
985,982,0,354,897.17,30012,22937,1194,15752
986,984,0,364,882.76,30042,22957,1195,15769
987,1002,0,372,867.4,30077,22973,1197,15783
988,1024,0,380,858.52,30115,22995,1197,15794
989,1061,0,394,842.41,30149,23017,1198,15804
990,1080,0,404,828.93,30187,23041,1198,15819
991,1084,0,417,814.58,30225,23061,1198,15833
992,1080,0,410,796,30252,23091,1199,15849
993,1095,0,420,789.73,30290,23108,1200,15866
994,1103,0,427,775.74,30322,23131,1201,15875
995,1136,0,442,765.03,30352,23154,1203,15890
996,1153,0,435,753.57,30392,23202,1204,15906
997,1183,0,443,744.47,30419,23233,1204,15919
998,1188,0,432,733.22,30460,23264,1204,15936
999,1196,0,445,718.37,30497,23288,1204,15958
