Tick,Bandicoots,Invaders,Foxes,Grass_Health_Index,Total_Bandicoots_Eaten,Trap_Deaths,Old_Age_Deaths,Hunger_Deaths
0,234,0,200,3058.94,11,2,0,0
1,283,0,197,3014.59,50,3,4,1
2,312,0,193,2986.28,87,5,8,1
3,329,0,191,2919.44,119,11,12,1
4,387,0,187,2862.6,142,17,15,3
5,463,0,189,2810.27,175,22,17,4
6,533,0,188,2744.46,207,27,23,5
7,614,0,191,2694.2,245,31,28,6
8,669,0,191,2622.01,276,36,32,10
9,755,0,191,2562.86,319,39,39,10
10,854,0,196,2479.89,361,46,44,10
11,948,0,194,2411.41,412,56,51,13
12,1037,0,195,2324.79,457,67,57,13
13,1180,0,217,2239.13,509,71,60,15
14,1291,0,221,2160.96,568,85,65,16
15,1387,0,225,2075.56,637,102,67,17
16,1515,0,240,1991.73,696,117,69,19
17,1622,0,256,1910.15,768,134,69,21
18,1760,0,267,1843.55,841,146,76,23
19,1904,0,279,1740.84,918,153,79,26
20,2007,0,288,1666.63,1000,174,83,31
21,2136,0,298,1594.29,1095,183,89,38
22,2289,0,315,1514.98,1166,209,92,41
23,2391,0,333,1439.98,1271,230,94,46
24,2475,0,362,1363.44,1394,253,97,55
25,2549,0,384,1297.84,1512,277,103,61
26,2652,0,415,1226.29,1640,297,107,69
27,2724,0,443,1166.95,1780,320,109,86
28,2801,0,481,1112.48,1915,343,112,97
29,2808,0,520,1041.66,2080,366,115,118
30,2869,0,569,962.37,2211,389,117,136
31,2876,0,614,922.1,2369,417,121,150
32,2890,0,668,871.97,2553,451,125,177
33,2886,0,689,824.76,2726,480,133,196
34,2836,0,738,779.29,2907,512,134,225
35,2839,0,800,735.38,3068,536,137,250
36,2788,0,847,704.46,3259,561,139,280
37,2719,0,894,679.46,3462,586,141,306
38,2665,0,941,640.39,3670,611,143,332
39,2597,0,985,614.63,3863,638,151,358
40,2572,0,1060,586.68,4055,664,153,383
41,2451,0,1132,573.78,4288,682,154,409
42,2331,0,1191,572.48,4503,703,162,431
43,2261,0,1268,565.87,4706,725,172,453
44,2176,0,1338,565.33,4911,744,174,477
45,2051,0,1410,577.08,5129,764,178,497
46,1950,0,1477,593.19,5338,777,184,514
47,1809,0,1557,610.12,5554,794,186,548
48,1702,0,1622,616.61,5740,805,189,575
49,1587,0,1699,627.9,5924,816,189,589
50,1455,0,1774,659.05,6107,830,189,611
51,1323,0,1852,671.42,6296,843,189,631
52,1183,0,1913,701.85,6479,857,191,652
53,1024,0,1985,726.67,6679,866,191,676
54,933,0,2055,752.31,6826,875,196,692
55,819,0,2122,786.06,6980,881,200,707
56,725,0,2175,814.2,7101,892,208,721
57,649,0,2228,856.63,7216,896,216,735
58,566,0,2283,897.24,7329,902,222,748
59,521,0,2321,935.81,7411,904,232,758
60,455,0,2351,976.63,7501,909,237,773
61,425,0,2369,1020.03,7577,910,240,786
62,388,0,2381,1056.6,7646,915,265,796
63,335,0,2400,1101.38,7721,921,275,802
64,308,0,2416,1148.78,7774,928,281,815
65,291,0,2419,1200.56,7824,928,298,826
66,258,0,2408,1251.13,7871,934,315,837
67,221,0,2403,1295.67,7926,940,331,853
68,169,0,2400,1345.35,7981,944,345,866
69,143,0,2376,1394.56,8022,945,359,887
70,118,0,2357,1444.81,8052,947,374,906
71,99,0,2339,1497.49,8074,949,392,930
72,83,0,2292,1546.38,8096,953,412,965
73,59,0,2249,1595.95,8116,958,438,993
74,43,0,2202,1643.56,8137,962,461,1027
75,31,0,2144,1693.42,8154,964,486,1066
76,15,0,2084,1743.42,8169,965,508,1112
77,9,0,2026,1796.7,8175,965,541,1145
78,12,0,1969,1847.99,8176,966,574,1179
79,7,0,1900,1893.81,8181,969,612,1214
80,3,0,1815,1938.67,8186,970,649,1266
81,1,0,1729,1990.35,8188,971,689,1314
82,1,0,1656,2042.49,8188,975,710,1365
83,0,0,1573,2090.13,8189,976,743,1418
84,0,0,1468,2136.35,8189,978,785,1479
85,0,0,1377,2179.49,8189,980,815,1539
86,0,0,1300,2225.56,8189,980,843,1588
87,0,0,1217,2266.24,8189,982,865,1648
88,0,0,1141,2310.28,8189,984,892,1696
89,0,0,1041,2351.17,8189,984,931,1757
90,0,0,960,2391.17,8189,986,973,1794
91,0,0,877,2431.13,8189,986,1002,1848
92,0,0,796,2464.13,8189,987,1040,1890
93,0,0,725,2499.28,8189,987,1066,1935
94,0,0,663,2534.2,8189,988,1096,1966
95,0,0,609,2571.42,8189,992,1120,1995
96,0,0,542,2605.13,8189,992,1148,2034
97,0,0,481,2635.81,8189,992,1173,2070
98,0,0,429,2664.81,8189,992,1200,2095
99,0,0,382,2694.28,8189,992,1225,2117
100,0,0,324,2724.2,8189,992,1243,2157
101,0,0,277,2753.28,8189,992,1259,2188
102,0,0,247,2782.78,8189,992,1268,2209
103,0,0,212,2812.24,8189,992,1280,2232
104,0,0,180,2838.35,8189,992,1293,2251
105,0,0,150,2863.85,8189,992,1305,2269
106,0,0,122,2890.67,8189,992,1315,2287
107,0,0,97,2912.67,8189,993,1322,2304
108,0,0,83,2936.21,8189,993,1329,2311
109,0,0,71,2959.39,8189,993,1332,2320
110,0,0,59,2981.64,8189,993,1336,2328
111,0,0,49,2999.61,8189,993,1339,2335
112,0,0,38,3021.82,8189,993,1342,2343
113,0,0,35,3040.57,8189,993,1344,2344
114,0,0,27,3057.32,8189,993,1347,2349
115,0,0,19,3075.36,8189,993,1350,2354
116,0,0,17,3091.04,8189,993,1351,2355
117,0,0,10,3108.82,8189,993,1353,2360
118,0,0,9,3123.79,8189,993,1353,2361
119,0,0,6,3140.36,8189,993,1355,2362
120,0,0,6,3154.93,8189,993,1355,2362
121,0,0,6,3169.64,8189,993,1355,2362
122,0,0,5,3182.86,8189,993,1355,2363
123,0,0,5,3193.64,8189,993,1355,2363
124,0,0,2,3206.89,8189,993,1355,2366
125,0,0,1,3218.79,8189,993,1355,2367
126,0,0,1,3230.82,8189,993,1355,2367
127,0,0,1,3242.57,8189,993,1355,2367
128,0,0,1,3252.21,8189,993,1355,2367
129,0,0,0,3261.93,8189,993,1355,2368
130,0,0,0,3272.07,8189,993,1355,2368
131,0,0,0,3279.54,8189,993,1355,2368
132,0,0,0,3286.75,8189,993,1355,2368
133,0,0,0,3294.39,8189,993,1355,2368
134,0,0,0,3300.5,8189,993,1355,2368
135,0,0,0,3305.32,8189,993,1355,2368
136,0,0,0,3313.57,8189,993,1355,2368
137,0,0,0,3320.36,8189,993,1355,2368
138,0,0,0,3326,8189,993,1355,2368
139,0,0,0,3331.86,8189,993,1355,2368
140,0,0,0,3336.89,8189,993,1355,2368
141,0,0,0,3341.61,8189,993,1355,2368
142,0,0,0,3346.5,8189,993,1355,2368
143,0,0,0,3352.5,8189,993,1355,2368
144,0,0,0,3356.21,8189,993,1355,2368
145,0,0,0,3359.46,8189,993,1355,2368
146,0,0,0,3365.04,8189,993,1355,2368
147,0,0,0,3369.14,8189,993,1355,2368
148,0,0,0,3372.25,8189,993,1355,2368
149,0,0,0,3377.43,8189,993,1355,2368
150,0,0,0,3380.32,8189,993,1355,2368
151,0,0,0,3382.93,8189,993,1355,2368
152,0,0,0,3384.79,8189,993,1355,2368
153,0,0,0,3386.86,8189,993,1355,2368
154,0,0,0,3389.54,8189,993,1355,2368
155,0,0,0,3392.18,8189,993,1355,2368
156,0,0,0,3393.21,8189,993,1355,2368
157,0,0,0,3394.32,8189,993,1355,2368
158,0,0,0,3395.75,8189,993,1355,2368
159,0,0,0,3397.75,8189,993,1355,2368
160,0,0,0,3399.18,8189,993,1355,2368
161,0,0,0,3400.57,8189,993,1355,2368
162,0,0,0,3401.32,8189,993,1355,2368
163,0,0,0,3401.71,8189,993,1355,2368
164,0,0,0,3403.25,8189,993,1355,2368
165,0,0,0,3404.36,8189,993,1355,2368
166,0,0,0,3404.86,8189,993,1355,2368
167,0,0,0,3406.21,8189,993,1355,2368
168,0,0,0,3406.75,8189,993,1355,2368
169,0,0,0,3407.32,8189,993,1355,2368
170,0,0,0,3408.64,8189,993,1355,2368
171,0,0,0,3409.39,8189,993,1355,2368
172,0,0,0,3410.61,8189,993,1355,2368
173,0,0,0,3411.29,8189,993,1355,2368
174,0,0,0,3412.14,8189,993,1355,2368
175,0,0,0,3413.07,8189,993,1355,2368
176,0,0,0,3414,8189,993,1355,2368
177,0,0,0,3414.68,8189,993,1355,2368
178,0,0,0,3415.18,8189,993,1355,2368
179,0,0,0,3415.71,8189,993,1355,2368
180,0,0,0,3416,8189,993,1355,2368
181,0,0,0,3416.75,8189,993,1355,2368
182,0,0,0,3417.18,8189,993,1355,2368
183,0,0,0,3417.5,8189,993,1355,2368
184,0,0,0,3417.96,8189,993,1355,2368
185,0,0,0,3418.25,8189,993,1355,2368
186,0,0,0,3418.64,8189,993,1355,2368
187,0,0,0,3418.64,8189,993,1355,2368
188,0,0,0,3418.96,8189,993,1355,2368
189,0,0,0,3419.25,8189,993,1355,2368
190,0,0,0,3419.36,8189,993,1355,2368
191,0,0,0,3419.64,8189,993,1355,2368
192,0,0,0,3419.93,8189,993,1355,2368
193,0,0,0,3420.21,8189,993,1355,2368
194,0,0,0,3420.61,8189,993,1355,2368
195,0,0,0,3420.71,8189,993,1355,2368
196,0,0,0,3420.71,8189,993,1355,2368
197,0,0,0,3420.82,8189,993,1355,2368
198,0,0,0,3421.04,8189,993,1355,2368
199,0,0,0,3421.14,8189,993,1355,2368
200,0,0,0,3421.32,8189,993,1355,2368
201,0,0,0,3421.43,8189,993,1355,2368
202,0,0,0,3421.54,8189,993,1355,2368
203,0,0,0,3421.54,8189,993,1355,2368
204,0,0,0,3421.54,8189,993,1355,2368
205,0,0,0,3421.54,8189,993,1355,2368
206,0,0,0,3421.54,8189,993,1355,2368
207,0,0,0,3421.64,8189,993,1355,2368
208,0,0,0,3421.64,8189,993,1355,2368
209,0,0,0,3421.75,8189,993,1355,2368
210,0,0,0,3421.75,8189,993,1355,2368
211,0,0,0,3421.93,8189,993,1355,2368
212,0,0,0,3422.14,8189,993,1355,2368
213,0,0,0,3422.14,8189,993,1355,2368
214,0,0,0,3422.14,8189,993,1355,2368
215,0,0,0,3422.14,8189,993,1355,2368
216,0,0,0,3422.14,8189,993,1355,2368
217,0,0,0,3422.43,8189,993,1355,2368
218,0,0,0,3422.43,8189,993,1355,2368
219,0,0,0,3422.43,8189,993,1355,2368
220,0,0,0,3422.54,8189,993,1355,2368
221,0,0,0,3422.54,8189,993,1355,2368
222,0,0,0,3422.54,8189,993,1355,2368
223,0,0,0,3422.54,8189,993,1355,2368
224,0,0,0,3422.54,8189,993,1355,2368
225,0,0,0,3422.54,8189,993,1355,2368
226,0,0,0,3422.54,8189,993,1355,2368
227,0,0,0,3422.54,8189,993,1355,2368
228,0,0,0,3422.54,8189,993,1355,2368
229,0,0,0,3422.54,8189,993,1355,2368
230,0,0,0,3422.54,8189,993,1355,2368
231,0,0,0,3422.54,8189,993,1355,2368
232,0,0,0,3422.54,8189,993,1355,2368
233,0,0,0,3422.54,8189,993,1355,2368
234,0,0,0,3422.54,8189,993,1355,2368
235,0,0,0,3422.54,8189,993,1355,2368
236,0,0,0,3422.54,8189,993,1355,2368
237,0,0,0,3422.54,8189,993,1355,2368
238,0,0,0,3422.54,8189,993,1355,2368
239,0,0,0,3422.54,8189,993,1355,2368
240,0,0,0,3422.54,8189,993,1355,2368
241,0,0,0,3422.54,8189,993,1355,2368
242,0,0,0,3422.54,8189,993,1355,2368
243,0,0,0,3422.54,8189,993,1355,2368
244,0,0,0,3422.54,8189,993,1355,2368
245,0,0,0,3422.54,8189,993,1355,2368
246,0,0,0,3422.54,8189,993,1355,2368
247,0,0,0,3422.54,8189,993,1355,2368
248,0,0,0,3422.54,8189,993,1355,2368
249,0,0,0,3422.54,8189,993,1355,2368
250,0,0,0,3422.54,8189,993,1355,2368
251,0,0,0,3422.54,8189,993,1355,2368
252,0,0,0,3422.54,8189,993,1355,2368
253,0,0,0,3422.54,8189,993,1355,2368
254,0,0,0,3422.54,8189,993,1355,2368
255,0,0,0,3422.54,8189,993,1355,2368
256,0,0,0,3422.54,8189,993,1355,2368
257,0,0,0,3422.54,8189,993,1355,2368
258,0,0,0,3422.54,8189,993,1355,2368
259,0,0,0,3422.54,8189,993,1355,2368
260,0,0,0,3422.54,8189,993,1355,2368
261,0,0,0,3422.54,8189,993,1355,2368
262,0,0,0,3422.54,8189,993,1355,2368
263,0,0,0,3422.71,8189,993,1355,2368
264,0,0,0,3422.71,8189,993,1355,2368
265,0,0,0,3422.71,8189,993,1355,2368
266,0,0,0,3422.71,8189,993,1355,2368
267,0,0,0,3422.71,8189,993,1355,2368
268,0,0,0,3422.71,8189,993,1355,2368
269,0,0,0,3422.71,8189,993,1355,2368
270,0,0,0,3422.89,8189,993,1355,2368
271,0,0,0,3422.89,8189,993,1355,2368
272,0,0,0,3422.89,8189,993,1355,2368
273,0,0,0,3422.89,8189,993,1355,2368
274,0,0,0,3422.89,8189,993,1355,2368
275,0,0,0,3422.89,8189,993,1355,2368
276,0,0,0,3422.89,8189,993,1355,2368
277,0,0,0,3422.89,8189,993,1355,2368
278,0,0,0,3422.89,8189,993,1355,2368
279,0,0,0,3422.89,8189,993,1355,2368
280,0,0,0,3422.89,8189,993,1355,2368
281,0,0,0,3422.89,8189,993,1355,2368
282,0,0,0,3422.89,8189,993,1355,2368
283,0,0,0,3423,8189,993,1355,2368
284,0,0,0,3423,8189,993,1355,2368
285,0,0,0,3423,8189,993,1355,2368
286,0,0,0,3423,8189,993,1355,2368
287,0,0,0,3423,8189,993,1355,2368
288,0,0,0,3423,8189,993,1355,2368
289,0,0,0,3423,8189,993,1355,2368
290,0,0,0,3423,8189,993,1355,2368
291,0,0,0,3423,8189,993,1355,2368
292,0,0,0,3423,8189,993,1355,2368
293,0,0,0,3423,8189,993,1355,2368
294,0,0,0,3423,8189,993,1355,2368
295,0,0,0,3423,8189,993,1355,2368
296,0,0,0,3423,8189,993,1355,2368
297,0,0,0,3423,8189,993,1355,2368
298,0,0,0,3423,8189,993,1355,2368
299,0,0,0,3423,8189,993,1355,2368
300,0,0,0,3423,8189,993,1355,2368
301,0,0,0,3423,8189,993,1355,2368
302,0,0,0,3423,8189,993,1355,2368
303,0,0,0,3423,8189,993,1355,2368
304,0,0,0,3423,8189,993,1355,2368
305,0,0,0,3423,8189,993,1355,2368
306,0,0,0,3423,8189,993,1355,2368
307,0,0,0,3423,8189,993,1355,2368
308,0,0,0,3423,8189,993,1355,2368
309,0,0,0,3423,8189,993,1355,2368
310,0,0,0,3423,8189,993,1355,2368
311,0,0,0,3423,8189,993,1355,2368
312,0,0,0,3423,8189,993,1355,2368
313,0,0,0,3423,8189,993,1355,2368
314,0,0,0,3423,8189,993,1355,2368
315,0,0,0,3423,8189,993,1355,2368
316,0,0,0,3423,8189,993,1355,2368
317,0,0,0,3423,8189,993,1355,2368
318,0,0,0,3423,8189,993,1355,2368
319,0,0,0,3423,8189,993,1355,2368
320,0,0,0,3423,8189,993,1355,2368
321,0,0,0,3423,8189,993,1355,2368
322,0,0,0,3423,8189,993,1355,2368
323,0,0,0,3423,8189,993,1355,2368
324,0,0,0,3423,8189,993,1355,2368
325,0,0,0,3423,8189,993,1355,2368
326,0,0,0,3423,8189,993,1355,2368
327,0,0,0,3423,8189,993,1355,2368
328,0,0,0,3423,8189,993,1355,2368
329,0,0,0,3423,8189,993,1355,2368
330,0,0,0,3423,8189,993,1355,2368
331,0,0,0,3423,8189,993,1355,2368
332,0,0,0,3423,8189,993,1355,2368
333,0,0,0,3423,8189,993,1355,2368
334,0,0,0,3423,8189,993,1355,2368
335,0,0,0,3423,8189,993,1355,2368
336,0,0,0,3423,8189,993,1355,2368
337,0,0,0,3423,8189,993,1355,2368
338,0,0,0,3423,8189,993,1355,2368
339,0,0,0,3423,8189,993,1355,2368
340,0,0,0,3423,8189,993,1355,2368
341,0,0,0,3423,8189,993,1355,2368
342,0,0,0,3423,8189,993,1355,2368
343,0,0,0,3423,8189,993,1355,2368
344,0,0,0,3423,8189,993,1355,2368
345,0,0,0,3423,8189,993,1355,2368
346,0,0,0,3423,8189,993,1355,2368
347,0,0,0,3423,8189,993,1355,2368
348,0,0,0,3423,8189,993,1355,2368
349,0,0,0,3423,8189,993,1355,2368
350,0,0,0,3423,8189,993,1355,2368
351,0,0,0,3423,8189,993,1355,2368
352,0,0,0,3423,8189,993,1355,2368
353,0,0,0,3423,8189,993,1355,2368
354,0,0,0,3423,8189,993,1355,2368
355,0,0,0,3423,8189,993,1355,2368
356,0,0,0,3423,8189,993,1355,2368
357,0,0,0,3423,8189,993,1355,2368
358,0,0,0,3423,8189,993,1355,2368
359,0,0,0,3423,8189,993,1355,2368
360,0,0,0,3423,8189,993,1355,2368
361,0,0,0,3423,8189,993,1355,2368
362,0,0,0,3423,8189,993,1355,2368
363,0,0,0,3423,8189,993,1355,2368
364,0,0,0,3423,8189,993,1355,2368
365,0,0,0,3423,8189,993,1355,2368
366,0,0,0,3423,8189,993,1355,2368
367,0,0,0,3423,8189,993,1355,2368
368,0,0,0,3423,8189,993,1355,2368
369,0,0,0,3423,8189,993,1355,2368
370,0,0,0,3423,8189,993,1355,2368
371,0,0,0,3423,8189,993,1355,2368
372,0,0,0,3423,8189,993,1355,2368
373,0,0,0,3423,8189,993,1355,2368
374,0,0,0,3423,8189,993,1355,2368
375,0,0,0,3423,8189,993,1355,2368
376,0,0,0,3423,8189,993,1355,2368
377,0,0,0,3423,8189,993,1355,2368
378,0,0,0,3423,8189,993,1355,2368
379,0,0,0,3423,8189,993,1355,2368
380,0,0,0,3423,8189,993,1355,2368
381,0,0,0,3423,8189,993,1355,2368
382,0,0,0,3423,8189,993,1355,2368
383,0,0,0,3423,8189,993,1355,2368
384,0,0,0,3423,8189,993,1355,2368
385,0,0,0,3423,8189,993,1355,2368
386,0,0,0,3423,8189,993,1355,2368
387,0,0,0,3423,8189,993,1355,2368
388,0,0,0,3423,8189,993,1355,2368
389,0,0,0,3423,8189,993,1355,2368
390,0,0,0,3423,8189,993,1355,2368
391,0,0,0,3423,8189,993,1355,2368
392,0,0,0,3423,8189,993,1355,2368
393,0,0,0,3423,8189,993,1355,2368
394,0,0,0,3423,8189,993,1355,2368
395,0,0,0,3423,8189,993,1355,2368
396,0,0,0,3423,8189,993,1355,2368
397,0,0,0,3423,8189,993,1355,2368
398,0,0,0,3423,8189,993,1355,2368
399,0,0,0,3423,8189,993,1355,2368
400,0,0,0,3423,8189,993,1355,2368
401,0,0,0,3423,8189,993,1355,2368
402,0,0,0,3423,8189,993,1355,2368
403,0,0,0,3423,8189,993,1355,2368
404,0,0,0,3423,8189,993,1355,2368
405,0,0,0,3423,8189,993,1355,2368
406,0,0,0,3423,8189,993,1355,2368
407,0,0,0,3423,8189,993,1355,2368
408,0,0,0,3423,8189,993,1355,2368
409,0,0,0,3423,8189,993,1355,2368
410,0,0,0,3423,8189,993,1355,2368
411,0,0,0,3423,8189,993,1355,2368
412,0,0,0,3423,8189,993,1355,2368
413,0,0,0,3423,8189,993,1355,2368
414,0,0,0,3423,8189,993,1355,2368
415,0,0,0,3423,8189,993,1355,2368
416,0,0,0,3423,8189,993,1355,2368
417,0,0,0,3423,8189,993,1355,2368
418,0,0,0,3423,8189,993,1355,2368
419,0,0,0,3423,8189,993,1355,2368
420,0,0,0,3423,8189,993,1355,2368
421,0,0,0,3423,8189,993,1355,2368
422,0,0,0,3423,8189,993,1355,2368
423,0,0,0,3423,8189,993,1355,2368
424,0,0,0,3423,8189,993,1355,2368
425,0,0,0,3423,8189,993,1355,2368
426,0,0,0,3423,8189,993,1355,2368
427,0,0,0,3423,8189,993,1355,2368
428,0,0,0,3423,8189,993,1355,2368
429,0,0,0,3423,8189,993,1355,2368
430,0,0,0,3423,8189,993,1355,2368
431,0,0,0,3423,8189,993,1355,2368
432,0,0,0,3423,8189,993,1355,2368
433,0,0,0,3423,8189,993,1355,2368
434,0,0,0,3423,8189,993,1355,2368
435,0,0,0,3423,8189,993,1355,2368
436,0,0,0,3423,8189,993,1355,2368
437,0,0,0,3423,8189,993,1355,2368
438,0,0,0,3423,8189,993,1355,2368
439,0,0,0,3423,8189,993,1355,2368
440,0,0,0,3423,8189,993,1355,2368
441,0,0,0,3423,8189,993,1355,2368
442,0,0,0,3423,8189,993,1355,2368
443,0,0,0,3423,8189,993,1355,2368
444,0,0,0,3423,8189,993,1355,2368
445,0,0,0,3423,8189,993,1355,2368
446,0,0,0,3423,8189,993,1355,2368
447,0,0,0,3423,8189,993,1355,2368
448,0,0,0,3423,8189,993,1355,2368
449,0,0,0,3423,8189,993,1355,2368
450,0,0,0,3423,8189,993,1355,2368
451,0,0,0,3423,8189,993,1355,2368
452,0,0,0,3423,8189,993,1355,2368
453,0,0,0,3423,8189,993,1355,2368
454,0,0,0,3423,8189,993,1355,2368
455,0,0,0,3423,8189,993,1355,2368
456,0,0,0,3423,8189,993,1355,2368
457,0,0,0,3423,8189,993,1355,2368
458,0,0,0,3423,8189,993,1355,2368
459,0,0,0,3423,8189,993,1355,2368
460,0,0,0,3423,8189,993,1355,2368
461,0,0,0,3423,8189,993,1355,2368
462,0,0,0,3423,8189,993,1355,2368
463,0,0,0,3423,8189,993,1355,2368
464,0,0,0,3423,8189,993,1355,2368
465,0,0,0,3423,8189,993,1355,2368
466,0,0,0,3423,8189,993,1355,2368
467,0,0,0,3423,8189,993,1355,2368
468,0,0,0,3423,8189,993,1355,2368
469,0,0,0,3423,8189,993,1355,2368
470,0,0,0,3423,8189,993,1355,2368
471,0,0,0,3423,8189,993,1355,2368
472,0,0,0,3423,8189,993,1355,2368
473,0,0,0,3423,8189,993,1355,2368
474,0,0,0,3423,8189,993,1355,2368
475,0,0,0,3423,8189,993,1355,2368
476,0,0,0,3423,8189,993,1355,2368
477,0,0,0,3423,8189,993,1355,2368
478,0,0,0,3423,8189,993,1355,2368
479,0,0,0,3423,8189,993,1355,2368
480,0,0,0,3423,8189,993,1355,2368
481,0,0,0,3423,8189,993,1355,2368
482,0,0,0,3423,8189,993,1355,2368
483,0,0,0,3423,8189,993,1355,2368
484,0,0,0,3423,8189,993,1355,2368
485,0,0,0,3423,8189,993,1355,2368
486,0,0,0,3423,8189,993,1355,2368
487,0,0,0,3423,8189,993,1355,2368
488,0,0,0,3423,8189,993,1355,2368
489,0,0,0,3423,8189,993,1355,2368
490,0,0,0,3423,8189,993,1355,2368
491,0,0,0,3423,8189,993,1355,2368
492,0,0,0,3423,8189,993,1355,2368
493,0,0,0,3423,8189,993,1355,2368
494,0,0,0,3423,8189,993,1355,2368
495,0,0,0,3423,8189,993,1355,2368
496,0,0,0,3423,8189,993,1355,2368
497,0,0,0,3423,8189,993,1355,2368
498,0,0,0,3423,8189,993,1355,2368
499,0,0,0,3423,8189,993,1355,2368
500,0,0,0,3423,8189,993,1355,2368
501,0,0,0,3423,8189,993,1355,2368
502,0,0,0,3423,8189,993,1355,2368
503,0,0,0,3423,8189,993,1355,2368
504,0,0,0,3423,8189,993,1355,2368
505,0,0,0,3423,8189,993,1355,2368
506,0,0,0,3423,8189,993,1355,2368
507,0,0,0,3423,8189,993,1355,2368
508,0,0,0,3423,8189,993,1355,2368
509,0,0,0,3423,8189,993,1355,2368
510,0,0,0,3423,8189,993,1355,2368
511,0,0,0,3423,8189,993,1355,2368
512,0,0,0,3423,8189,993,1355,2368
513,0,0,0,3423,8189,993,1355,2368
514,0,0,0,3423,8189,993,1355,2368
515,0,0,0,3423,8189,993,1355,2368
516,0,0,0,3423,8189,993,1355,2368
517,0,0,0,3423,8189,993,1355,2368
518,0,0,0,3423,8189,993,1355,2368
519,0,0,0,3423,8189,993,1355,2368
520,0,0,0,3423,8189,993,1355,2368
521,0,0,0,3423,8189,993,1355,2368
522,0,0,0,3423,8189,993,1355,2368
523,0,0,0,3423,8189,993,1355,2368
524,0,0,0,3423,8189,993,1355,2368
525,0,0,0,3423,8189,993,1355,2368
526,0,0,0,3423,8189,993,1355,2368
527,0,0,0,3423,8189,993,1355,2368
528,0,0,0,3423,8189,993,1355,2368
529,0,0,0,3423,8189,993,1355,2368
530,0,0,0,3423,8189,993,1355,2368
531,0,0,0,3423,8189,993,1355,2368
532,0,0,0,3423,8189,993,1355,2368
533,0,0,0,3423,8189,993,1355,2368
534,0,0,0,3423,8189,993,1355,2368
535,0,0,0,3423,8189,993,1355,2368
536,0,0,0,3423,8189,993,1355,2368
537,0,0,0,3423,8189,993,1355,2368
538,0,0,0,3423,8189,993,1355,2368
539,0,0,0,3423,8189,993,1355,2368
540,0,0,0,3423,8189,993,1355,2368
541,0,0,0,3423,8189,993,1355,2368
542,0,0,0,3423,8189,993,1355,2368
543,0,0,0,3423,8189,993,1355,2368
544,0,0,0,3423,8189,993,1355,2368
545,0,0,0,3423,8189,993,1355,2368
546,0,0,0,3423,8189,993,1355,2368
547,0,0,0,3423,8189,993,1355,2368
548,0,0,0,3423,8189,993,1355,2368
549,0,0,0,3423,8189,993,1355,2368
550,0,0,0,3423,8189,993,1355,2368
551,0,0,0,3423,8189,993,1355,2368
552,0,0,0,3423,8189,993,1355,2368
553,0,0,0,3423,8189,993,1355,2368
554,0,0,0,3423,8189,993,1355,2368
555,0,0,0,3423,8189,993,1355,2368
556,0,0,0,3423,8189,993,1355,2368
557,0,0,0,3423,8189,993,1355,2368
558,0,0,0,3423,8189,993,1355,2368
559,0,0,0,3423,8189,993,1355,2368
560,0,0,0,3423,8189,993,1355,2368
561,0,0,0,3423,8189,993,1355,2368
562,0,0,0,3423,8189,993,1355,2368
563,0,0,0,3423,8189,993,1355,2368
564,0,0,0,3423,8189,993,1355,2368
565,0,0,0,3423,8189,993,1355,2368
566,0,0,0,3423,8189,993,1355,2368
567,0,0,0,3423,8189,993,1355,2368
568,0,0,0,3423,8189,993,1355,2368
569,0,0,0,3423,8189,993,1355,2368
570,0,0,0,3423,8189,993,1355,2368
571,0,0,0,3423,8189,993,1355,2368
572,0,0,0,3423,8189,993,1355,2368
573,0,0,0,3423,8189,993,1355,2368
574,0,0,0,3423,8189,993,1355,2368
575,0,0,0,3423,8189,993,1355,2368
576,0,0,0,3423,8189,993,1355,2368
577,0,0,0,3423,8189,993,1355,2368
578,0,0,0,3423,8189,993,1355,2368
579,0,0,0,3423,8189,993,1355,2368
580,0,0,0,3423,8189,993,1355,2368
581,0,0,0,3423,8189,993,1355,2368
582,0,0,0,3423,8189,993,1355,2368
583,0,0,0,3423,8189,993,1355,2368
584,0,0,0,3423,8189,993,1355,2368
585,0,0,0,3423,8189,993,1355,2368
586,0,0,0,3423,8189,993,1355,2368
587,0,0,0,3423,8189,993,1355,2368
588,0,0,0,3423,8189,993,1355,2368
589,0,0,0,3423,8189,993,1355,2368
590,0,0,0,3423,8189,993,1355,2368
591,0,0,0,3423,8189,993,1355,2368
592,0,0,0,3423,8189,993,1355,2368
593,0,0,0,3423,8189,993,1355,2368
594,0,0,0,3423,8189,993,1355,2368
595,0,0,0,3423,8189,993,1355,2368
596,0,0,0,3423,8189,993,1355,2368
597,0,0,0,3423,8189,993,1355,2368
598,0,0,0,3423,8189,993,1355,2368
599,0,0,0,3423,8189,993,1355,2368
600,0,0,0,3423,8189,993,1355,2368
601,0,0,0,3423,8189,993,1355,2368
602,0,0,0,3423,8189,993,1355,2368
603,0,0,0,3423,8189,993,1355,2368
604,0,0,0,3423,8189,993,1355,2368
605,0,0,0,3423,8189,993,1355,2368
606,0,0,0,3423,8189,993,1355,2368
607,0,0,0,3423,8189,993,1355,2368
608,0,0,0,3423,8189,993,1355,2368
609,0,0,0,3423,8189,993,1355,2368
610,0,0,0,3423,8189,993,1355,2368
611,0,0,0,3423,8189,993,1355,2368
612,0,0,0,3423,8189,993,1355,2368
613,0,0,0,3423,8189,993,1355,2368
614,0,0,0,3423,8189,993,1355,2368
615,0,0,0,3423,8189,993,1355,2368
616,0,0,0,3423,8189,993,1355,2368
617,0,0,0,3423,8189,993,1355,2368
618,0,0,0,3423,8189,993,1355,2368
619,0,0,0,3423,8189,993,1355,2368
620,0,0,0,3423,8189,993,1355,2368
621,0,0,0,3423,8189,993,1355,2368
622,0,0,0,3423,8189,993,1355,2368
623,0,0,0,3423,8189,993,1355,2368
624,0,0,0,3423,8189,993,1355,2368
625,0,0,0,3423,8189,993,1355,2368
626,0,0,0,3423,8189,993,1355,2368
627,0,0,0,3423,8189,993,1355,2368
628,0,0,0,3423,8189,993,1355,2368
629,0,0,0,3423,8189,993,1355,2368
630,0,0,0,3423,8189,993,1355,2368
631,0,0,0,3423,8189,993,1355,2368
632,0,0,0,3423,8189,993,1355,2368
633,0,0,0,3423,8189,993,1355,2368
634,0,0,0,3423,8189,993,1355,2368
635,0,0,0,3423,8189,993,1355,2368
636,0,0,0,3423,8189,993,1355,2368
637,0,0,0,3423,8189,993,1355,2368
638,0,0,0,3423,8189,993,1355,2368
639,0,0,0,3423,8189,993,1355,2368
640,0,0,0,3423,8189,993,1355,2368
641,0,0,0,3423,8189,993,1355,2368
642,0,0,0,3423,8189,993,1355,2368
643,0,0,0,3423,8189,993,1355,2368
644,0,0,0,3423,8189,993,1355,2368
645,0,0,0,3423,8189,993,1355,2368
646,0,0,0,3423,8189,993,1355,2368
647,0,0,0,3423,8189,993,1355,2368
648,0,0,0,3423,8189,993,1355,2368
649,0,0,0,3423,8189,993,1355,2368
650,0,0,0,3423,8189,993,1355,2368
651,0,0,0,3423,8189,993,1355,2368
652,0,0,0,3423,8189,993,1355,2368
653,0,0,0,3423,8189,993,1355,2368
654,0,0,0,3423,8189,993,1355,2368
655,0,0,0,3423,8189,993,1355,2368
656,0,0,0,3423,8189,993,1355,2368
657,0,0,0,3423,8189,993,1355,2368
658,0,0,0,3423,8189,993,1355,2368
659,0,0,0,3423,8189,993,1355,2368
660,0,0,0,3423,8189,993,1355,2368
661,0,0,0,3423,8189,993,1355,2368
662,0,0,0,3423,8189,993,1355,2368
663,0,0,0,3423,8189,993,1355,2368
664,0,0,0,3423,8189,993,1355,2368
665,0,0,0,3423,8189,993,1355,2368
666,0,0,0,3423,8189,993,1355,2368
667,0,0,0,3423,8189,993,1355,2368
668,0,0,0,3423,8189,993,1355,2368
669,0,0,0,3423,8189,993,1355,2368
670,0,0,0,3423,8189,993,1355,2368
671,0,0,0,3423,8189,993,1355,2368
672,0,0,0,3423,8189,993,1355,2368
673,0,0,0,3423,8189,993,1355,2368
674,0,0,0,3423,8189,993,1355,2368
675,0,0,0,3423,8189,993,1355,2368
676,0,0,0,3423,8189,993,1355,2368
677,0,0,0,3423,8189,993,1355,2368
678,0,0,0,3423,8189,993,1355,2368
679,0,0,0,3423,8189,993,1355,2368
680,0,0,0,3423,8189,993,1355,2368
681,0,0,0,3423,8189,993,1355,2368
682,0,0,0,3423,8189,993,1355,2368
683,0,0,0,3423,8189,993,1355,2368
684,0,0,0,3423,8189,993,1355,2368
685,0,0,0,3423,8189,993,1355,2368
686,0,0,0,3423,8189,993,1355,2368
687,0,0,0,3423,8189,993,1355,2368
688,0,0,0,3423,8189,993,1355,2368
689,0,0,0,3423,8189,993,1355,2368
690,0,0,0,3423,8189,993,1355,2368
691,0,0,0,3423,8189,993,1355,2368
692,0,0,0,3423,8189,993,1355,2368
693,0,0,0,3423,8189,993,1355,2368
694,0,0,0,3423,8189,993,1355,2368
695,0,0,0,3423,8189,993,1355,2368
696,0,0,0,3423,8189,993,1355,2368
697,0,0,0,3423,8189,993,1355,2368
698,0,0,0,3423,8189,993,1355,2368
699,0,0,0,3423,8189,993,1355,2368
700,0,0,0,3423,8189,993,1355,2368
701,0,0,0,3423,8189,993,1355,2368
702,0,0,0,3423,8189,993,1355,2368
703,0,0,0,3423,8189,993,1355,2368
704,0,0,0,3423,8189,993,1355,2368
705,0,0,0,3423,8189,993,1355,2368
706,0,0,0,3423,8189,993,1355,2368
707,0,0,0,3423,8189,993,1355,2368
708,0,0,0,3423,8189,993,1355,2368
709,0,0,0,3423,8189,993,1355,2368
710,0,0,0,3423,8189,993,1355,2368
711,0,0,0,3423,8189,993,1355,2368
712,0,0,0,3423,8189,993,1355,2368
713,0,0,0,3423,8189,993,1355,2368
714,0,0,0,3423,8189,993,1355,2368
715,0,0,0,3423,8189,993,1355,2368
716,0,0,0,3423,8189,993,1355,2368
717,0,0,0,3423,8189,993,1355,2368
718,0,0,0,3423,8189,993,1355,2368
719,0,0,0,3423,8189,993,1355,2368
720,0,0,0,3423,8189,993,1355,2368
721,0,0,0,3423,8189,993,1355,2368
722,0,0,0,3423,8189,993,1355,2368
723,0,0,0,3423,8189,993,1355,2368
724,0,0,0,3423,8189,993,1355,2368
725,0,0,0,3423,8189,993,1355,2368
726,0,0,0,3423,8189,993,1355,2368
727,0,0,0,3423,8189,993,1355,2368
728,0,0,0,3423,8189,993,1355,2368
729,0,0,0,3423,8189,993,1355,2368
730,0,0,0,3423,8189,993,1355,2368
731,0,0,0,3423,8189,993,1355,2368
732,0,0,0,3423,8189,993,1355,2368
733,0,0,0,3423,8189,993,1355,2368
734,0,0,0,3423,8189,993,1355,2368
735,0,0,0,3423,8189,993,1355,2368
736,0,0,0,3423,8189,993,1355,2368
737,0,0,0,3423,8189,993,1355,2368
738,0,0,0,3423,8189,993,1355,2368
739,0,0,0,3423,8189,993,1355,2368
740,0,0,0,3423,8189,993,1355,2368
741,0,0,0,3423,8189,993,1355,2368
742,0,0,0,3423,8189,993,1355,2368
743,0,0,0,3423,8189,993,1355,2368
744,0,0,0,3423,8189,993,1355,2368
745,0,0,0,3423,8189,993,1355,2368
746,0,0,0,3423,8189,993,1355,2368
747,0,0,0,3423,8189,993,1355,2368
748,0,0,0,3423,8189,993,1355,2368
749,0,0,0,3423,8189,993,1355,2368
750,0,0,0,3423,8189,993,1355,2368
751,0,0,0,3423,8189,993,1355,2368
752,0,0,0,3423,8189,993,1355,2368
753,0,0,0,3423,8189,993,1355,2368
754,0,0,0,3423,8189,993,1355,2368
755,0,0,0,3423,8189,993,1355,2368
756,0,0,0,3423,8189,993,1355,2368
757,0,0,0,3423,8189,993,1355,2368
758,0,0,0,3423,8189,993,1355,2368
759,0,0,0,3423,8189,993,1355,2368
760,0,0,0,3423,8189,993,1355,2368
761,0,0,0,3423,8189,993,1355,2368
762,0,0,0,3423,8189,993,1355,2368
763,0,0,0,3423,8189,993,1355,2368
764,0,0,0,3423,8189,993,1355,2368
765,0,0,0,3423,8189,993,1355,2368
766,0,0,0,3423,8189,993,1355,2368
767,0,0,0,3423,8189,993,1355,2368
768,0,0,0,3423,8189,993,1355,2368
769,0,0,0,3423,8189,993,1355,2368
770,0,0,0,3423,8189,993,1355,2368
771,0,0,0,3423,8189,993,1355,2368
772,0,0,0,3423,8189,993,1355,2368
773,0,0,0,3423,8189,993,1355,2368
774,0,0,0,3423,8189,993,1355,2368
775,0,0,0,3423,8189,993,1355,2368
776,0,0,0,3423,8189,993,1355,2368
777,0,0,0,3423,8189,993,1355,2368
778,0,0,0,3423,8189,993,1355,2368
779,0,0,0,3423,8189,993,1355,2368
780,0,0,0,3423,8189,993,1355,2368
781,0,0,0,3423,8189,993,1355,2368
782,0,0,0,3423,8189,993,1355,2368
783,0,0,0,3423,8189,993,1355,2368
784,0,0,0,3423,8189,993,1355,2368
785,0,0,0,3423,8189,993,1355,2368
786,0,0,0,3423,8189,993,1355,2368
787,0,0,0,3423,8189,993,1355,2368
788,0,0,0,3423,8189,993,1355,2368
789,0,0,0,3423,8189,993,1355,2368
790,0,0,0,3423,8189,993,1355,2368
791,0,0,0,3423,8189,993,1355,2368
792,0,0,0,3423,8189,993,1355,2368
793,0,0,0,3423,8189,993,1355,2368
794,0,0,0,3423,8189,993,1355,2368
795,0,0,0,3423,8189,993,1355,2368
796,0,0,0,3423,8189,993,1355,2368
797,0,0,0,3423,8189,993,1355,2368
798,0,0,0,3423,8189,993,1355,2368
799,0,0,0,3423,8189,993,1355,2368
800,0,0,0,3423,8189,993,1355,2368
801,0,0,0,3423,8189,993,1355,2368
802,0,0,0,3423,8189,993,1355,2368
803,0,0,0,3423,8189,993,1355,2368
804,0,0,0,3423,8189,993,1355,2368
805,0,0,0,3423,8189,993,1355,2368
806,0,0,0,3423,8189,993,1355,2368
807,0,0,0,3423,8189,993,1355,2368
808,0,0,0,3423,8189,993,1355,2368
809,0,0,0,3423,8189,993,1355,2368
810,0,0,0,3423,8189,993,1355,2368
811,0,0,0,3423,8189,993,1355,2368
812,0,0,0,3423,8189,993,1355,2368
813,0,0,0,3423,8189,993,1355,2368
814,0,0,0,3423,8189,993,1355,2368
815,0,0,0,3423,8189,993,1355,2368
816,0,0,0,3423,8189,993,1355,2368
817,0,0,0,3423,8189,993,1355,2368
818,0,0,0,3423,8189,993,1355,2368
819,0,0,0,3423,8189,993,1355,2368
820,0,0,0,3423,8189,993,1355,2368
821,0,0,0,3423,8189,993,1355,2368
822,0,0,0,3423,8189,993,1355,2368
823,0,0,0,3423,8189,993,1355,2368
824,0,0,0,3423,8189,993,1355,2368
825,0,0,0,3423,8189,993,1355,2368
826,0,0,0,3423,8189,993,1355,2368
827,0,0,0,3423,8189,993,1355,2368
828,0,0,0,3423,8189,993,1355,2368
829,0,0,0,3423,8189,993,1355,2368
830,0,0,0,3423,8189,993,1355,2368
831,0,0,0,3423,8189,993,1355,2368
832,0,0,0,3423,8189,993,1355,2368
833,0,0,0,3423,8189,993,1355,2368
834,0,0,0,3423,8189,993,1355,2368
835,0,0,0,3423,8189,993,1355,2368
836,0,0,0,3423,8189,993,1355,2368
837,0,0,0,3423,8189,993,1355,2368
838,0,0,0,3423,8189,993,1355,2368
839,0,0,0,3423,8189,993,1355,2368
840,0,0,0,3423,8189,993,1355,2368
841,0,0,0,3423,8189,993,1355,2368
842,0,0,0,3423,8189,993,1355,2368
843,0,0,0,3423,8189,993,1355,2368
844,0,0,0,3423,8189,993,1355,2368
845,0,0,0,3423,8189,993,1355,2368
846,0,0,0,3423,8189,993,1355,2368
847,0,0,0,3423,8189,993,1355,2368
848,0,0,0,3423,8189,993,1355,2368
849,0,0,0,3423,8189,993,1355,2368
850,0,0,0,3423,8189,993,1355,2368
851,0,0,0,3423,8189,993,1355,2368
852,0,0,0,3423,8189,993,1355,2368
853,0,0,0,3423,8189,993,1355,2368
854,0,0,0,3423,8189,993,1355,2368
855,0,0,0,3423,8189,993,1355,2368
856,0,0,0,3423,8189,993,1355,2368
857,0,0,0,3423,8189,993,1355,2368
858,0,0,0,3423,8189,993,1355,2368
859,0,0,0,3423,8189,993,1355,2368
860,0,0,0,3423,8189,993,1355,2368
861,0,0,0,3423,8189,993,1355,2368
862,0,0,0,3423,8189,993,1355,2368
863,0,0,0,3423,8189,993,1355,2368
864,0,0,0,3423,8189,993,1355,2368
865,0,0,0,3423,8189,993,1355,2368
866,0,0,0,3423,8189,993,1355,2368
867,0,0,0,3423,8189,993,1355,2368
868,0,0,0,3423,8189,993,1355,2368
869,0,0,0,3423,8189,993,1355,2368
870,0,0,0,3423,8189,993,1355,2368
871,0,0,0,3423,8189,993,1355,2368
872,0,0,0,3423,8189,993,1355,2368
873,0,0,0,3423,8189,993,1355,2368
874,0,0,0,3423,8189,993,1355,2368
875,0,0,0,3423,8189,993,1355,2368
876,0,0,0,3423,8189,993,1355,2368
877,0,0,0,3423,8189,993,1355,2368
878,0,0,0,3423,8189,993,1355,2368
879,0,0,0,3423,8189,993,1355,2368
880,0,0,0,3423,8189,993,1355,2368
881,0,0,0,3423,8189,993,1355,2368
882,0,0,0,3423,8189,993,1355,2368
883,0,0,0,3423,8189,993,1355,2368
884,0,0,0,3423,8189,993,1355,2368
885,0,0,0,3423,8189,993,1355,2368
886,0,0,0,3423,8189,993,1355,2368
887,0,0,0,3423,8189,993,1355,2368
888,0,0,0,3423,8189,993,1355,2368
889,0,0,0,3423,8189,993,1355,2368
890,0,0,0,3423,8189,993,1355,2368
891,0,0,0,3423,8189,993,1355,2368
892,0,0,0,3423,8189,993,1355,2368
893,0,0,0,3423,8189,993,1355,2368
894,0,0,0,3423,8189,993,1355,2368
895,0,0,0,3423,8189,993,1355,2368
896,0,0,0,3423,8189,993,1355,2368
897,0,0,0,3423,8189,993,1355,2368
898,0,0,0,3423,8189,993,1355,2368
899,0,0,0,3423,8189,993,1355,2368
900,0,0,0,3423,8189,993,1355,2368
901,0,0,0,3423,8189,993,1355,2368
902,0,0,0,3423,8189,993,1355,2368
903,0,0,0,3423,8189,993,1355,2368
904,0,0,0,3423,8189,993,1355,2368
905,0,0,0,3423,8189,993,1355,2368
906,0,0,0,3423,8189,993,1355,2368
907,0,0,0,3423,8189,993,1355,2368
908,0,0,0,3423,8189,993,1355,2368
909,0,0,0,3423,8189,993,1355,2368
910,0,0,0,3423,8189,993,1355,2368
911,0,0,0,3423,8189,993,1355,2368
912,0,0,0,3423,8189,993,1355,2368
913,0,0,0,3423,8189,993,1355,2368
914,0,0,0,3423,8189,993,1355,2368
915,0,0,0,3423,8189,993,1355,2368
916,0,0,0,3423,8189,993,1355,2368
917,0,0,0,3423,8189,993,1355,2368
918,0,0,0,3423,8189,993,1355,2368
919,0,0,0,3423,8189,993,1355,2368
920,0,0,0,3423,8189,993,1355,2368
921,0,0,0,3423,8189,993,1355,2368
922,0,0,0,3423,8189,993,1355,2368
923,0,0,0,3423,8189,993,1355,2368
924,0,0,0,3423,8189,993,1355,2368
925,0,0,0,3423,8189,993,1355,2368
926,0,0,0,3423,8189,993,1355,2368
927,0,0,0,3423,8189,993,1355,2368
928,0,0,0,3423,8189,993,1355,2368
929,0,0,0,3423,8189,993,1355,2368
930,0,0,0,3423,8189,993,1355,2368
931,0,0,0,3423,8189,993,1355,2368
932,0,0,0,3423,8189,993,1355,2368
933,0,0,0,3423,8189,993,1355,2368
934,0,0,0,3423,8189,993,1355,2368
935,0,0,0,3423,8189,993,1355,2368
936,0,0,0,3423,8189,993,1355,2368
937,0,0,0,3423,8189,993,1355,2368
938,0,0,0,3423,8189,993,1355,2368
939,0,0,0,3423,8189,993,1355,2368
940,0,0,0,3423,8189,993,1355,2368
941,0,0,0,3423,8189,993,1355,2368
942,0,0,0,3423,8189,993,1355,2368
943,0,0,0,3423,8189,993,1355,2368
944,0,0,0,3423,8189,993,1355,2368
945,0,0,0,3423,8189,993,1355,2368
946,0,0,0,3423,8189,993,1355,2368
947,0,0,0,3423,8189,993,1355,2368
948,0,0,0,3423,8189,993,1355,2368
949,0,0,0,3423,8189,993,1355,2368
950,0,0,0,3423,8189,993,1355,2368
951,0,0,0,3423,8189,993,1355,2368
952,0,0,0,3423,8189,993,1355,2368
953,0,0,0,3423,8189,993,1355,2368
954,0,0,0,3423,8189,993,1355,2368
955,0,0,0,3423,8189,993,1355,2368
956,0,0,0,3423,8189,993,1355,2368
957,0,0,0,3423,8189,993,1355,2368
958,0,0,0,3423,8189,993,1355,2368
959,0,0,0,3423,8189,993,1355,2368
960,0,0,0,3423,8189,993,1355,2368
961,0,0,0,3423,8189,993,1355,2368
962,0,0,0,3423,8189,993,1355,2368
963,0,0,0,3423,8189,993,1355,2368
964,0,0,0,3423,8189,993,1355,2368
965,0,0,0,3423,8189,993,1355,2368
966,0,0,0,3423,8189,993,1355,2368
967,0,0,0,3423,8189,993,1355,2368
968,0,0,0,3423,8189,993,1355,2368
969,0,0,0,3423,8189,993,1355,2368
970,0,0,0,3423,8189,993,1355,2368
971,0,0,0,3423,8189,993,1355,2368
972,0,0,0,3423,8189,993,1355,2368
973,0,0,0,3423,8189,993,1355,2368
974,0,0,0,3423,8189,993,1355,2368
975,0,0,0,3423,8189,993,1355,2368
976,0,0,0,3423,8189,993,1355,2368
977,0,0,0,3423,8189,993,1355,2368
978,0,0,0,3423,8189,993,1355,2368
979,0,0,0,3423,8189,993,1355,2368
980,0,0,0,3423,8189,993,1355,2368
981,0,0,0,3423,8189,993,1355,2368
982,0,0,0,3423,8189,993,1355,2368
983,0,0,0,3423,8189,993,1355,2368
984,0,0,0,3423,8189,993,1355,2368
985,0,0,0,3423,8189,993,1355,2368
986,0,0,0,3423,8189,993,1355,2368
987,0,0,0,3423,8189,993,1355,2368
988,0,0,0,3423,8189,993,1355,2368
989,0,0,0,3423,8189,993,1355,2368
990,0,0,0,3423,8189,993,1355,2368
991,0,0,0,3423,8189,993,1355,2368
992,0,0,0,3423,8189,993,1355,2368
993,0,0,0,3423,8189,993,1355,2368
994,0,0,0,3423,8189,993,1355,2368
995,0,0,0,3423,8189,993,1355,2368
996,0,0,0,3423,8189,993,1355,2368
997,0,0,0,3423,8189,993,1355,2368
998,0,0,0,3423,8189,993,1355,2368
999,0,0,0,3423,8189,993,1355,2368
